1	서울경부	부산	2020	12	17	19	30	2020	12	17	23	30	0	14fasd	24200	44
2	서울경부	부산	2020	12	17	9	40	2020	12	17	13	40	0	15asff	36000	27
3	동서울	전주	2020	12	17	6	0	2020	12	17	8	5	0	14gfhd	22400	25
4	동서울	전주	2020	12	17	12	50	2020	12	17	14	55	0	98sjdj	15300	45
5	센트럴시티	충주	2020	12	17	6	30	2020	12	17	8	20	0	97asfs	8000	37
6	센트럴시티	충주	2020	12	17	10	0	2020	12	17	11	50	0	87sfkf	12000	27
7	부산	여수	2020	12	17	7	10	2020	12	17	9	50	0	77fasf	21400	28
8	부산	여수	2020	12	17	16	20	2020	12	17	19	0	0	65jvis	21400	22
9	경주	서울경부	2020	12	17	12	40	2020	12	17	16	10	0	12skfu	20600	43
10	경주	서울경부	2020	12	17	19	0	2020	12	17	22	30	0	19skdk	20600	28
11	동서울	부산	2020	12	17	9	20	2020	12	17	13	35	0	93sadf	24300	43
12	동서울	부산	2020	12	17	10	30	2020	12	17	14	45	0	87sdqs	36200	28
13	동서울	부산	2020	12	17	14	40	2020	12	17	18	55	0	82asdf	24300	43
14	동서울	부산	2020	12	17	16	0	2020	12	17	20	15	0	73asfw	36200	28
15	동대구	대전	2020	12	17	6	0	2020	12	17	8	0	0	93sdfh	14600	28
16	동대구	대전	2020	12	17	7	0	2020	12	17	9	0	0	58aghy	10000	45
17	동대구	대전	2020	12	17	10	0	2020	12	17	12	0	0	35adps	10000	45
18	동대구	대전	2020	12	17	11	40	2020	12	17	13	40	0	51sffm	14600	45
19	천안	인천	2020	12	17	8	50	2020	12	17	10	15	0	28afgq	8300	28
20	강릉	광명	2020	12	17	11	20	2020	12	17	14	30	0	29agdo	24100	25
21	인천	천안	2020	12	17	7	15	2020	12	17	8	45	0	12fajs	4200	42
22	인천	천안	2020	12	17	10	0	2020	12	17	11	30	0	92skfu	4200	41
23	수원	광주	2020	12	17	16	0	2020	12	17	19	5	0	72sjdh	17200	45
24	수원	광주	2020	12	17	9	20	2020	12	17	12	25	0	29agdo	25400	24
25	수원	광주	2020	12	17	11	40	2020	12	17	14	45	0	12fajs	25400	23
26	수원	광주	2020	12	17	17	20	2020	12	17	20	25	0	92skfu	25400	24
27	군산	센트럴시티	2020	12	17	5	40	2020	12	17	8	5	0	72sjdh	20100	17
28	군산	센트럴시티	2020	12	17	6	30	2020	12	17	8	35	0	42fkiw	13800	41
29	군산	센트럴시티	2020	12	17	10	20	2020	12	17	12	25	0	74sdie	13800	41
30	군산	센트럴시티	2020	12	17	11	0	2020	12	17	13	5	0	82ksoq	20100	20
31	유성	광주	2020	12	17	13	5	2020	12	17	15	5	0	27asjd	11200	40
32	유성	광주	2020	12	17	15	35	2020	12	17	17	35	0	37skdi	16300	25
33	포항	서울경부	2020	12	17	15	0	2020	12	17	18	40	0	39skdo	21000	45
34	포항	서울경부	2020	12	17	17	0	2020	12	17	20	40	0	09sidi	31200	21
35	포항	서울경부	2020	12	17	19	10	2020	12	17	22	50	0	98sjdu	31200	22
36	포항	서울경부	2020	12	17	20	50	2020	12	17	24	30	0	87skxi	21000	44
37	센트럴시티	보령	2020	12	17	10	0	2020	12	17	12	10	0	83jsjd	11700	45
38	센트럴시티	보령	2020	12	17	11	0	2020	12	17	13	10	0	72sjdo	11700	43
39	센트럴시티	보령	2020	12	17	11	30	2020	12	17	13	40	0	36sdao	17100	24
40	센트럴시티	보령	2020	12	17	12	5	2020	12	17	14	15	0	01sieo	17100	24
41	광주	전주	2020	12	17	6	55	2020	12	17	8	15	0	83jsjd	7000	41
42	광주	전주	2020	12	17	11	25	2020	12	17	12	45	0	72sjdo	7000	42
43	광주	전주	2020	12	17	12	30	2020	12	17	13	50	0	36sdao	7000	43
44	광주	전주	2020	12	17	18	30	2020	12	17	19	50	0	01sieo	10300	28
45	광주	전주	2020	12	17	20	20	2020	12	17	21	40	0	02skdj	7000	41
46	광주	강진	2020	12	17	21	0	2020	12	17	22	35	0	04dosj	10600	45
47	광주	고창	2020	12	17	20	20	2020	12	17	21	10	0	48dowi	4500	41
48	광주	고흥	2020	12	17	20	25	2020	12	17	22	35	0	58sodq	14700	42
49	광주	곡성 	2020	12	17	20	35	2020	12	17	21	45	0	32acms	5000	41
50	광주	관산	2020	12	17	21	0	2020	12	17	22	40	0	93lsmd	13000	45
51	광주	광양	2020	12	17	20	55	2020	12	17	22	0	0	38xkde	7600	45
52	광주	광천(전남)	2020	12	17	21	35	2020	12	17	22	45	0	48vmdn	6500	41
53	광주	구례	2020	12	17	20	35	2020	12	17	22	5	0	93dcmd	8900	41
54	광주	금과	2020	12	17	20	50	2020	12	17	21	40	0	73dmce	4100	41
55	광주	금과	2020	12	17	21	40	2020	12	17	22	30	0	42eudc	4100	41
56	광주	금과	2020	12	17	22	45	2020	12	17	23	35	0	31cmks	4500	41
57	광주	나주	2020	12	17	20	30	2020	12	17	21	10	0	23ejjc	3900	45
58	광주	나주	2020	12	17	20	35	2020	12	17	21	15	0	37fncl	3900	45
59	광주	나주	2020	12	17	21	0	2020	12	17	21	40	0	13ewqa	3900	45
60	광주	남원	2020	12	17	7	5	2020	12	17	8	5	0	31opld	5700	41
61	광주	남원	2020	12	17	7	25	2020	12	17	8	25	0	38dola	5700	41
62	광주	남원	2020	12	17	9	15	2020	12	17	10	15	0	71dxze	5700	41
63	광주	남원	2020	12	17	10	15	2020	12	17	11	15	0	73deqa	5700	41
64	광주	남원	2020	12	17	10	45	2020	12	17	11	45	0	32odlx	5700	41
65	광주	남원	2020	12	17	11	10	2020	12	17	12	10	0	56qaxd	5700	41
66	광주	남원	2020	12	17	13	20	2020	12	17	14	20	0	82dxme	5700	41
67	광주	남원	2020	12	17	15	25	2020	12	17	16	25	0	97edxq	5700	41
68	광주	남원	2020	12	17	17	45	2020	12	17	18	45	0	56qaxd	5700	41
69	광주	남창	2020	12	17	6	30	2020	12	17	8	40	0	82dxme	16000	45
70	광주	남창	2020	12	17	12	15	2020	12	17	14	25	0	97edxq	16000	45
71	광주	남창	2020	12	17	18	20	2020	12	17	20	30	0	86doqs	16000	45
72	광주	담양	2020	12	17	7	20	2020	12	17	7	50	0	93icms	2700	41
73	광주	담양	2020	12	17	7	40	2020	12	17	8	10	0	92xoem	2700	41
74	광주	담양	2020	12	17	10	20	2020	12	17	10	50	0	30oela	2700	41
75	광주	담양	2020	12	17	11	5	2020	12	17	11	35	0	29dkce	2700	41
76	광주	담양	2020	12	17	11	40	2020	12	17	12	10	0	12xole	2700	41
77	광주	담양	2020	12	17	13	10	2020	12	17	13	40	0	38qios	2700	41
78	광주	담양	2020	12	17	14	40	2020	12	17	15	10	0	29agdo	2700	41
79	광주	담양	2020	12	17	17	20	2020	12	17	17	50	0	12fajs	2700	41
80	광주	당진	2020	12	17	7	35	2020	12	17	10	40	0	92skfu	24000	28
81	광주	당진	2020	12	17	10	35	2020	12	17	13	40	0	72sjdh	24000	28
82	광주	당진	2020	12	17	12	5	2020	12	17	15	10	0	42fkiw	24000	27
83	광주	당진	2020	12	17	15	5	2020	12	17	18	10	0	74sdie	24000	28
84	광주	당진	2020	12	17	16	35	2020	12	17	19	40	0	82ksoq	24000	27
85	광주	당진	2020	12	17	18	5	2020	12	17	21	10	0	27asjd	24000	28
86	광주	당진	2020	12	17	19	25	2020	12	17	22	30	0	37skdi	24000	28
87	광주 	대구서부	2020	12	17	8	20	2020	12	17	10	30	0	39skdo	18900	26
88	광주 	대구서부	2020	12	17	12	30	2020	12	17	14	40	0	09sidi	18900	25
89	광주 	대구서부	2020	12	17	14	30	2020	12	17	16	40	0	98sjdu	18900	26
90	광주	보성	2020	12	17	7	10	2020	12	17	8	10	0	87skxi	8100	41
91	광주	보성	2020	12	17	10	20	2020	12	17	11	20	0	83jsjd	9500	41
92	광주	보성	2020	12	17	12	10	2020	12	17	13	10	0	72sjdo	8100	41
93	광주	보성	2020	12	17	13	30	2020	12	17	14	30	0	36sdao	9500	41
94	광주	보성	2020	12	17	15	40	2020	12	17	16	40	0	01sieo	8100	41
95	광주	보성	2020	12	17	20	20	2020	12	17	21	20	0	02skdj	9500	41
96	광주	순천북부	2020	12	17	5	50	2020	12	17	7	0	0	04dosj	7400	25
97	광주	순천북부	2020	12	17	6	50	2020	12	17	8	0	0	48dowi	9600	24
98	광주	순천북부	2020	12	17	8	0	2020	12	17	9	10	0	58sodq	7400	26
99	광주	순천북부	2020	12	17	9	0	2020	12	17	10	10	0	32acms	7400	28
100	광주	순천북부	2020	12	17	12	0	2020	12	17	13	10	0	93lsmd	9600	24
101	광주	순천북부	2020	12	17	17	30	2020	12	17	18	40	0	15asff	7400	25
102	광주	여수	2020	12	17	6	10	2020	12	17	7	50	0	14gfhd	15300	20
103	광주	여수	2020	12	17	7	40	2020	12	17	9	10	0	98sjdj	15300	21
104	광주	여수	2020	12	17	8	20	2020	12	17	10	0	0	97asfs	15300	24
105	광주	여수	2020	12	17	9	0	2020	12	17	10	40	0	87sfkf	15300	25
106	광주	여수	2020	12	17	10	30	2020	12	17	12	10	0	77fasf	15300	23
107	광주	여수	2020	12	17	12	20	2020	12	17	14	0	0	65jvis	15300	17
108	광주	여수	2020	12	17	14	10	2020	12	17	15	50	0	12skfu	15300	19
109	광주	의왕	2020	12	17	7	0	2020	12	17	10	20	0	19skdk	19700	41
110	광주	의왕	2020	12	17	8	15	2020	12	17	11	35	0	93sadf	19700	42
111	광주	의왕	2020	12	17	16	30	2020	12	17	19	50	0	87sdqs	19700	40
112	광주	의왕	2020	12	17	19	0	2020	12	17	22	20	0	82asdf	19700	44
113	광주	평택	2020	12	17	8	10	2020	12	17	11	10	0	73asfw	22300	27
114	광주	평택	2020	12	17	12	10	2020	12	17	15	10	0	93sdfh	22300	24
115	광주	평택	2020	12	17	14	0	2020	12	17	17	0	0	58aghy	22300	26
116	광주	평택	2020	12	17	17	50	2020	12	17	20	50	0	35adps	22300	28
117	광주	평택	2020	12	17	9	30	2020	12	17	12	30	0	51sffm	22300	27
118	전주	광주	2020	12	17	6	40	2020	12	17	8	0	0	28afgq	7000	42
119	전주	광주	2020	12	17	9	20	2020	12	17	10	40	0	29agdo	7000	44
120	전주	광주	2020	12	17	10	20	2020	12	17	11	40	0	12fajs	7000	41
121	전주	광주	2020	12	17	15	55	2020	12	17	17	15	0	92skfu	7000	43
122	전주	광주	2020	12	17	18	20	2020	12	17	19	40	0	72sjdh	10300	27
123	전주	광주	2020	12	17	19	45	2020	12	17	21	5	0	42fkiw	7000	42
124	전주	군산	2020	12	17	6	25	2020	12	17	6	55	0	74sdie	7800	27
125	전주	군산	2020	12	17	7	15	2020	12	17	7	455	0	82ksoq	7800	28
126	전주	군산	2020	12	17	7	40	2020	12	17	8	10	0	27asjd	7800	26
127	전주	군산	2020	12	17	8	40	2020	12	17	9	10	0	37skdi	7800	26
128	전주	군산	2020	12	17	10	0	2020	12	17	10	30	0	39skdo	7800	27
129	전주	세종	2020	12	17	8	5	2020	12	17	9	25	0	14fasd	11100	38
130	전주	세종	2020	12	17	15	40	2020	12	17	17	0	0	15asff	11100	40
131	전주	수원	2020	12	17	8	0	2020	12	17	11	0	0	14gfhd	14200	41
132	전주	수원	2020	12	17	8	50	2020	12	17	11	50	0	98sjdj	14200	43
133	전주	수원	2020	12	17	10	0	2020	12	17	13	0	0	97asfs	14200	42
134	전주	수원	2020	12	17	12	40	2020	12	17	15	40	0	87sfkf	14200	41
135	전주	수원	2020	12	17	14	0	2020	12	17	17	0	0	77fasf	14200	43
136	전주	수원	2020	12	17	15	10	2020	12	17	18	10	0	65jvis	14200	42
137	전주	수원	2020	12	17	16	20	2020	12	17	19	20	0	12skfu	14200	41
138	전주	수원	2020	12	17	17	30	2020	12	17	20	30	0	19skdk	14200	43
139	전주	수원	2020	12	17	18	10	2020	12	17	21	10	0	93sadf	14200	42
140	전주	원주	2020	12	17	9	0	2020	12	17	12	30	0	87sdqs	18300	41
141	전주	원주	2020	12	17	11	0	2020	12	17	14	30	0	82asdf	18300	42
142	전주	원주	2020	12	17	17	0	2020	12	17	20	30	0	73asfw	18300	41
143	전주	속초	2020	12	17	9	0	2020	12	17	15	30	0	93sdfh	39600	39
144	전주	속초	2020	12	17	11	0	2020	12	17	17	30	0	58aghy	39600	39
145	전주	속초	2020	12	17	17	0	2020	12	17	23	30	0	35adps	39600	40
146	전주	청주	2020	12	17	7	10	2020	12	17	9	40	0	51sffm	10900	24
147	전주	청주	2020	12	17	8	40	2020	12	17	10	10	0	28afgq	10900	25
148	전주	청주	2020	12	17	9	10	2020	12	17	11	40	0	29agdo	10900	24
149	전주	청주	2020	12	17	10	20	2020	12	17	12	50	0	12fajs	10900	12
150	전주	청주	2020	12	17	11	20	2020	12	17	13	50	0	92skfu	10900	23
151	전주	청주	2020	12	17	13	0	2020	12	17	15	30	0	72sjdh	10900	32
152	전주	청주	2020	12	17	14	10	2020	12	17	16	40	0	29agdo	10900	42
153	전주	청주	2020	12	17	15	20	2020	12	17	17	50	0	12fajs	10900	23
154	전주	청주	2020	12	17	18	0	2020	12	17	20	30	0	92skfu	10900	14
155	전주	청주	2020	12	17	19	10	2020	12	17	21	40	0	72sjdh	10900	37
156	고양	가평	2020	12	17	7	20	2020	11	17	8	20	0	42fkiw	10200	12
157	고양	가평	2020	12	17	10	0	2020	11	17	11	11	0	74sdie	10200	6
158	고양	가평	2020	12	17	15	30	2020	11	17	16	30	0	82ksoq	10200	19
159	고양	가평	2020	12	17	18	0	2020	11	17	19	0	0	27asjd	10200	15
160	고양	동대구	2020	12	17	9	40	2020	11	17	14	20	0	37skdi	26100	3
161	고양	동대구	2020	12	17	16	10	2020	11	17	20	50	0	39skdo	26100	17
162	고양	동탄	2020	12	17	6	35	2020	11	17	8	10	0	09sidi	8400	3
163	고양	동탄	2020	12	17	8	0	2020	11	17	9	35	0	98sjdu	8400	10
164	고양	동탄	2020	12	17	9	30	2020	11	17	11	5	0	87skxi	8400	7
165	고양	동탄	2020	12	17	16	30	2020	11	17	18	5	0	83jsjd	8400	18
166	고양	동탄	2020	12	17	20	10	2020	11	17	21	45	0	72sjdo	8400	14
167	고양	춘천	2020	12	17	7	20	2020	11	17	8	50	0	36sdao	13400	9
168	고양	춘천	2020	12	17	10	0	2020	11	17	11	30	0	01sieo	13400	9
169	고양	춘천	2020	12	17	15	30	2020	11	17	17	0	0	83jsjd	13400	18
170	고양	춘천	2020	12	17	18	0	2020	11	17	19	30	0	72sjdo	13400	9
171	고양	홍천	2020	12	17	7	10	2020	11	17	8	40	0	36sdao	9400	2
172	고양	홍천	2020	12	17	9	0	2020	11	17	10	30	0	01sieo	9400	8
173	고양	홍천	2020	12	17	10	30	2020	11	17	11	0	0	02skdj	9400	10
174	고양	홍천	2020	12	17	15	0	2020	11	17	16	30	0	04dosj	9400	5
175	고양	홍천	2020	12	17	16	30	2020	11	17	18	0	0	48dowi	9400	11
176	고양	홍천	2020	12	17	18	30	2020	11	17	19	0	0	58sodq	9400	19
177	고양	수원터미널	2020	12	17	6	55	2020	11	17	7	35	0	32acms	6100	3
178	고양	수원터미널	2020	12	17	10	25	2020	11	17	11	5	0	93lsmd	6100	11
179	고양	수원터미널	2020	12	17	13	45	2020	11	17	14	25	0	38xkde	6100	8
180	고양	수원터미널	2020	12	17	17	15	2020	11	17	17	55	0	48vmdn	6100	18
181	고양	수원터미널	2020	12	17	21	5	2020	11	17	21	45	0	93dcmd	6100	13
182	고양	부천	2020	12	17	7	50	2020	11	17	8	10	0	73dmce	1700	3
183	고양	부천	2020	12	17	16	55	2020	11	17	17	15	0	42eudc	1700	13
184	고양	안동	2020	12	17	9	0	2020	11	17	13	50	0	31cmks	29400	9
185	고양	안산	2020	12	17	7	10	2020	11	17	8	10	0	23ejjc	3700	12
186	고양	안산	2020	12	17	12	0	2020	11	17	13	0	0	37fncl	3700	18
187	고양	안산	2020	12	17	15	50	2020	11	17	16	50	0	13ewqa	3700	15
188	부산	강릉	2020	12	17	7	0	2020	11	17	11	50	0	31opld	38000	8
189	부산	강릉	2020	12	17	7	40	2020	11	17	12	30	0	38dola	38000	2
190	부산	강릉	2020	12	17	10	0	2020	11	17	14	50	0	71dxze	38000	1
191	부산	강릉	2020	12	17	11	20	2020	11	17	16	10	0	73deqa	38000	9
192	부산	강릉	2020	12	17	12	0	2020	11	17	16	50	0	32odlx	38000	8
193	부산	강릉	2020	12	17	14	10	2020	11	17	19	0	0	56qaxd	38000	3
194	부산	강릉	2020	12	17	15	20	2020	11	17	20	10	0	82dxme	38000	2
195	부산	강릉	2020	12	17	16	0	2020	11	17	20	50	0	97edxq	38000	17
196	부산	군산	2020	12	17	8	40	2020	11	17	12	40	0	56qaxd	31600	9
197	부산	군산	2020	12	17	11	50	2020	11	17	15	50	0	82dxme	31600	3
198	부산	군산	2020	12	17	16	30	2020	11	17	20	30	0	97edxq	31600	16
199	부산	속초	2020	12	17	7	0	2020	11	17	13	30	0	86doqs	45100	8
200	부산	속초	2020	12	17	10	0	2020	11	17	16	30	0	93icms	45100	15
201	부산	속초	2020	12	17	14	0	2020	11	17	20	30	0	92xoem	45100	9
202	부산	수원	2020	12	17	8	20	2020	11	17	12	50	0	30oela	32800	7
203	부산	수원	2020	12	17	10	40	2020	11	17	15	10	0	29dkce	32800	6
204	부산	수원	2020	12	17	13	0	2020	11	17	17	30	0	12xole	32800	12
205	부산	수원	2020	12	17	15	50	2020	11	17	20	20	0	38qios	32800	9
206	부산	수원	2020	12	17	18	0	2020	11	17	22	30	0	29agdo	32800	3
207	부산	안산	2020	12	17	8	20	2020	11	17	13	20	0	12fajs	36600	10
208	부산	안산	2020	12	17	10	40	2020	11	17	15	40	0	92skfu	36600	3
209	부산	안산	2020	12	17	13	0	2020	11	17	18	0	0	72sjdh	36600	17
210	부산	안산	2020	12	17	15	50	2020	11	17	20	50	0	42fkiw	36600	16
211	부산	안산	2020	12	17	18	0	2020	11	17	23	0	0	74sdie	36600	20
212	부산	이천	2020	12	17	12	0	2020	11	17	16	20	0	82ksoq	32100	8
213	부산	이천	2020	12	17	14	10	2020	11	17	18	30	0	27asjd	32100	16
214	부산	이천	2020	12	17	18	40	2020	11	17	23	0	0	37skdi	32100	12
215	부산	춘천	2020	12	17	7	30	2020	11	17	12	30	0	39skdo	39500	10
216	부산	춘천	2020	12	17	8	30	2020	11	17	13	30	0	09sidi	39500	16
217	부산	춘천	2020	12	17	10	30	2020	11	17	15	30	0	98sjdu	39500	3
218	부산	춘천	2020	12	17	11	30	2020	11	17	16	30	0	87skxi	39500	7
219	부산	춘천	2020	12	17	14	10	2020	11	17	19	10	0	83jsjd	39500	13
220	부산	춘천	2020	12	17	17	10	2020	11	17	22	10	0	72sjdo	39500	10
221	부산	춘천	2020	12	17	18	10	2020	11	17	23	10	0	36sdao	39500	19
222	부산	홍천	2020	12	17	8	30	2020	11	17	13	0	0	01sieo	35600	5
223	부산	홍천	2020	12	17	11	30	2020	11	17	16	0	0	02skdj	35600	13
224	부산	홍천	2020	12	17	15	10	2020	11	17	19	40	0	04dosj	35600	9
225	부산	홍천	2020	12	17	18	10	2020	11	17	22	40	0	48dowi	35600	17
226	부산	포항	2020	12	17	6	0	2020	11	17	7	30	0	58sodq	9200	5
227	부산	포항	2020	12	17	7	0	2020	11	17	8	30	0	32acms	9200	3
228	부산	포항	2020	12	17	9	0	2020	11	17	10	30	0	93lsmd	9200	9
229	부산	포항	2020	12	17	11	30	2020	11	17	13	0	0	15asff	9200	5
230	부산	포항	2020	12	17	14	0	2020	11	17	15	30	0	14gfhd	9200	3
231	부산	경주시외	2020	12	17	6	0	2020	11	17	6	50	0	98sjdj	5400	3
232	부산	경주시외	2020	12	17	6	30	2020	11	17	7	20	0	97asfs	5400	7
233	부산	경주시외	2020	12	17	7	0	2020	11	17	7	50	0	87sfkf	5400	10
234	부산	경주시외	2020	12	17	7	30	2020	11	17	8	20	0	77fasf	5400	16
235	부산	경주시외	2020	12	17	8	0	2020	11	17	8	50	0	65jvis	5400	5
236	부산	경주시외	2020	12	17	8	30	2020	11	17	9	20	0	12skfu	5400	5
237	부산	경주시외	2020	12	17	9	0	2020	11	17	9	50	0	19skdk	5400	19
238	부산	경주시외	2020	12	17	9	30	2020	11	17	10	20	0	93sadf	5400	7
239	부산	경주시외	2020	12	17	10	0	2020	11	17	10	50	0	87sdqs	5400	18
240	부산	경주시외	2020	12	17	10	30	2020	11	17	11	20	0	82asdf	5400	20
241	부산	경주시외	2020	12	17	11	0	2020	11	17	11	50	0	73asfw	5400	17
242	부산	안동	2020	12	17	7	50	2020	11	17	10	30	0	93sdfh	19100	3
243	부산	안동	2020	12	17	8	5	2020	11	17	10	45	0	58aghy	19100	6
244	부산	안동	2020	12	17	10	5	2020	11	17	12	45	0	35adps	19100	10
245	부산	안동	2020	12	17	12	15	2020	11	17	14	55	0	51sffm	19100	10
246	부산	안동	2020	12	17	14	15	2020	11	17	16	55	0	28afgq	19100	21
247	부산	안동	2020	12	17	15	25	2020	11	17	18	5	0	29agdo	19100	15
248	부산	안동	2020	12	17	16	25	2020	11	17	19	5	0	12fajs	19100	9
249	부산	안동	2020	12	17	17	25	2020	11	17	20	25	0	92skfu	19100	10
250	부산	안동	2020	12	17	19	35	2020	11	17	22	5	0	72sjdh	19100	20
251	동대구	강구	2020	12	17	7	0	20	10	17	8	0	0	42fkiw	14700	28
252	동대구	강구	2020	12	17	9	0	20	10	17	10	0	0	74sdie	14700	25
253	동대구	강구	2020	12	17	10	30	20	10	17	11	30	0	82ksoq	14700	42
254	동대구	강구	2020	12	17	12	0	20	10	17	13	0	0	27asjd	14700	41
255	동대구	강구	2020	12	17	13	20	20	10	17	14	20	0	37skdi	14700	45
256	동대구	강구	2020	12	17	14	40	20	10	17	15	40	0	39skdo	14700	24
257	동대구	강구	2020	12	17	16	0	20	10	17	7	0	0	14fasd	14700	23
258	동대구	강구	2020	12	17	19	0	20	10	17	20	0	0	15asff	14700	24
259	동대구	강릉시외	2020	12	17	8	35	20	10	17	11	50	0	14gfhd	36600	17
260	동대구	강릉시외	2020	12	17	10	5	20	10	17	13	25	0	98sjdj	36600	41
261	동대구	강릉시외	2020	12	17	16	5	20	10	17	19	25	0	97asfs	36600	41
262	동대구	경주시외	2020	12	17	7	20	20	10	17	8	50	0	87sfkf	36600	20
263	동대구	경주시외	2020	12	17	8	0	20	10	17	9	30	0	77fasf	36600	40
264	동대구	경주시외	2020	12	17	8	40	20	10	17	10	10	0	65jvis	36600	25
265	동대구	경주시외	2020	12	17	9	20	20	10	17	10	50	0	12skfu	36600	45
266	동대구	경주시외	2020	12	17	10	0	20	10	17	11	30	0	19skdk	36600	21
267	동대구	경주시외	2020	12	17	10	30	20	10	17	12	0	0	93sadf	36600	22
268	동대구	경주시외	2020	12	17	11	20	20	10	17	12	50	0	87sdqs	36600	44
269	동대구	경주시외	2020	12	17	12	0	20	10	17	13	30	0	82asdf	36600	45
270	동대구	경주시외	2020	12	17	12	40	20	10	17	14	10	0	73asfw	36600	43
271	동대구	경주시외	2020	12	17	13	20	20	10	17	14	50	0	93sdfh	36600	24
272	동대구	경주시외	2020	12	17	14	0	20	10	17	15	30	0	58aghy	36600	24
273	동대구	경주시외	2020	12	17	14	40	20	10	17	16	10	0	35adps	36600	28
274	동대구	경주시외	2020	12	17	15	20	20	10	17	16	50	0	51sffm	36600	25
275	동대구	경주시외	2020	12	17	16	0	20	10	17	17	30	0	28afgq	36600	42
276	동대구	경주시외	2020	12	17	16	40	20	10	17	18	10	0	29agdo	36600	41
277	동대구	경주시외	2020	12	17	17	20	20	10	17	18	50	0	12fajs	36600	45
278	동대구	경주시외	2020	12	17	18	0	20	10	17	19	30	0	92skfu	36600	24
279	동대구	경주시외	2020	12	17	18	40	20	10	17	20	10	0	72sjdh	36600	23
280	동대구	경주시외	2020	12	17	19	20	20	10	17	20	50	0	29agdo	36600	24
281	동대구	경주시외	2020	12	17	20	20	20	10	17	21	50	0	12fajs	36600	17
282	동대구	경주시외	2020	12	17	21	30	20	10	17	23	0	0	92skfu	36600	41
283	동대구	고양	2020	12	17	9	50	20	10	17	13	20	0	72sjdh	26100	41
284	동대구	고양	2020	12	17	16	20	20	10	17	19	50	0	42fkiw	26100	20
285	동대구	부천	2020	12	17	9	50	20	10	17	12	50	0	74sdie	24500	40
286	동대구	부천	2020	12	17	16	20	20	10	17	19	20	0	82ksoq	24500	25
287	동대구	수원터미널	2020	12	17	7	30	20	10	17	10	0	0	27asjd	23100	45
288	동대구	수원터미널	2020	12	17	10	30	20	10	17	13	0	0	37skdi	23100	21
289	동대구	수원터미널	2020	12	17	13	30	20	10	17	16	0	0	39skdo	23100	22
290	동대구	수원터미널	2020	12	17	16	30	20	10	17	19	0	0	09sidi	23100	5
291	동대구	수원터미널	2020	12	17	19	30	20	10	17	22	0	0	98sjdu	23100	45
292	동대구	포항	2020	12	17	6	40	20	10	17	7	50	0	87skxi	7900	43
293	동대구	포항	2020	12	17	7	20	20	10	17	8	30	0	83jsjd	7900	24
294	동대구	포항	2020	12	17	8	30	20	10	17	9	40	0	72sjdo	7900	24
295	동대구	포항	2020	12	17	8	35	20	10	17	9	45	0	36sdao	7900	45
296	동대구	포항	2020	12	17	9	30	20	10	17	10	40	0	01sieo	7900	0
297	동대구	포항	2020	12	17	10	0	20	10	17	11	10	0	83jsjd	7900	27
298	동대구	포항	2020	12	17	10	30	20	10	17	11	40	0	72sjdo	7900	28
299	동대구	포항	2020	12	17	11	0	20	10	17	12	10	0	36sdao	7900	22
300	동대구	포항	2020	12	17	11	30	20	10	17	12	40	0	01sieo	7900	0
301	동대구	포항	2020	12	17	12	0	20	10	17	13	10	0	02skdj	7900	28
302	동대구	포항	2020	12	17	12	30	20	10	17	13	40	0	04dosj	7900	43
303	동대구	포항	2020	12	17	13	0	20	10	17	14	10	0	48dowi	7900	28
304	동대구	포항	2020	12	17	13	30	20	10	17	14	40	0	58sodq	7900	43
305	동대구	포항	2020	12	17	14	0	20	10	17	15	10	0	32acms	7900	1
306	동대구	포항	2020	12	17	14	30	20	10	17	15	40	0	93lsmd	7900	45
307	동대구	포항	2020	12	17	15	0	20	10	17	16	10	0	38xkde	7900	37
308	동대구	포항	2020	12	17	15	30	20	10	17	16	40	0	48vmdn	7900	27
309	동대구	포항	2020	12	17	16	0	20	10	17	17	10	0	93dcmd	7900	28
310	동대구	포항	2020	12	17	16	30	20	10	17	17	40	0	73dmce	7900	22
311	동대구	포항	2020	12	17	17	0	20	10	17	18	10	0	42eudc	7900	0
312	동대구	포항	2020	12	17	17	30	20	10	17	18	40	0	31cmks	7900	28
313	동대구	포항	2020	12	17	18	0	20	10	17	19	10	0	23ejjc	7900	43
314	동대구	포항	2020	12	17	18	30	20	10	17	19	40	0	37fncl	7900	28
315	동대구	포항	2020	12	17	19	0	20	10	17	20	10	0	13ewqa	7900	43
316	동대구	포항	2020	12	17	19	30	20	10	17	20	40	0	31opld	7900	28
317	동대구	포항	2020	12	17	19	45	20	10	17	20	55	0	38dola	7900	43
318	동대구	포항	2020	12	17	20	0	20	10	17	21	10	0	71dxze	7900	28
319	동대구	포항	2020	12	17	20	40	20	10	17	21	50	0	73deqa	7900	43
320	동대구	포항	2020	12	17	21	0	20	10	17	22	10	0	32odlx	7900	28
321	동대구	포항	2020	12	17	21	20	20	10	17	22	30	0	56qaxd	7900	43
322	동대구	포항	2020	12	17	21	40	20	10	17	22	50	0	82dxme	7900	28
323	동대구	포항	2020	12	17	22	0	20	10	17	23	10	0	97edxq	8700	0
324	부천	강릉시외	2020	12	17	7	30	20	10	17	11	0	0	56qaxd	22600	1
325	부천	강릉시외	2020	12	17	8	50	20	10	17	12	20	0	82dxme	22600	4
326	부천	강릉시외	2020	12	17	12	0	20	10	17	15	30	0	97edxq	22600	5
327	부천	강릉시외	2020	12	17	13	40	20	10	17	17	10	0	86doqs	22600	7
328	부천	강릉시외	2020	12	17	17	0	20	10	17	21	30	0	93icms	22600	29
329	부천	강릉시외	2020	12	17	18	40	20	10	17	22	10	0	92xoem	22600	1
330	부천	광주	2020	12	17	9	0	20	10	17	13	0	0	30oela	25300	2
331	부천	광주	2020	12	17	11	0	20	10	17	15	0	0	29dkce	25300	18
332	부천	광주	2020	12	17	16	0	20	10	17	20	0	0	12xole	25300	45
333	부천	광주	2020	12	17	18	0	20	10	17	22	0	0	38qios	25300	20
334	부천	군산	2020	12	17	14	10	20	10	17	17	10	0	29agdo	16400	40
335	부천	동대구	2020	12	17	10	20	20	10	17	13	20	0	12fajs	24500	26
336	부천	동대구	2020	12	17	16	50	20	10	17	19	50	0	92skfu	24500	25
337	부천	목포	2020	12	17	7	40	20	10	17	12	10	0	72sjdh	31700	28
338	부천	목포	2020	12	17	9	10	20	10	17	13	40	0	42fkiw	31700	28
339	부천	목포	2020	12	17	11	50	20	10	17	16	20	0	74sdie	31700	15
340	부천	목포	2020	12	17	15	25	20	10	17	19	55	0	82ksoq	31700	1
341	부천	순천	2020	12	17	7	45	20	10	17	12	25	0	27asjd	29500	1
342	부천	순천	2020	12	17	10	15	20	10	17	14	55	0	37skdi	29500	34
343	부천	순천	2020	12	17	14	15	20	10	17	18	55	0	39skdo	29500	2
344	부천	순천	2020	12	17	16	45	20	10	17	21	25	0	09sidi	29500	0
345	부천	안동	2020	12	17	7	30	20	10	17	10	30	0	98sjdu	27600	5
346	부천	안동	2020	12	17	15	30	20	10	17	18	30	0	87skxi	27600	8
347	부천	전주	2020	12	17	7	0	20	10	17	10	30	0	83jsjd	19200	0
348	부천	전주	2020	12	17	8	0	20	10	17	11	30	0	72sjdo	20400	20
349	부천	전주	2020	12	17	9	0	20	10	17	12	30	0	36sdao	19200	10
350	부천	전주	2020	12	17	11	0	20	10	17	14	30	0	01sieo	19200	30
351	부천	전주	2020	12	17	12	0	20	10	17	15	30	0	02skdj	20400	0
352	부천	전주	2020	12	17	13	0	20	10	17	16	30	0	04dosj	19200	42
353	부천	전주	2020	12	17	15	0	20	10	17	18	30	0	48dowi	19200	20
354	부천	전주	2020	12	17	17	0	20	10	17	20	30	0	58sodq	19200	30
355	부천	전주	2020	12	17	18	0	20	10	17	21	30	0	32acms	20400	40
356	부천	수원터미널	2020	12	17	5	45	20	10	17	6	35	0	93lsmd	4700	0
357	부천	수원터미널	2020	12	17	6	50	20	10	17	7	40	0	15asff	4700	1
358	부천	수원터미널	2020	12	17	8	10	20	10	17	9	0	0	14gfhd	4700	4
359	부천	수원터미널	2020	12	17	9	10	20	10	17	10	0	0	98sjdj	4700	5
360	부천	수원터미널	2020	12	17	10	30	20	10	17	11	20	0	97asfs	4700	7
361	부천	수원터미널	2020	12	17	12	0	20	10	17	12	50	0	87sfkf	4700	29
362	부천	수원터미널	2020	12	17	13	0	20	10	17	13	50	0	77fasf	4700	1
363	부천	수원터미널	2020	12	17	14	20	20	10	17	15	10	0	65jvis	4700	2
364	부천	수원터미널	2020	12	17	15	40	20	10	17	16	30	0	12skfu	4700	0
365	부천	수원터미널	2020	12	17	16	20	20	10	17	17	10	0	19skdk	4700	1
366	부천	수원터미널	2020	12	17	17	40	20	10	17	18	30	0	93sadf	4700	4
367	부천	수원터미널	2020	12	17	18	55	20	10	17	19	45	0	87sdqs	4700	5
368	부천	수원터미널	2020	12	17	20	0	20	10	17	20	50	0	82asdf	4700	7
369	부천	수원터미널	2020	12	17	21	10	20	10	17	22	0	0	73asfw	4700	29
370	부천	인천공항	2020	12	17	6	0	20	10	17	7	30	0	93sdfh	7300	1
371	부천	인천공항	2020	12	17	10	30	20	10	17	12	0	0	58aghy	7300	2
372	부천	인천공항	2020	12	17	15	10	20	10	17	16	40	0	35adps	7300	5
373	부천	인천공항	2020	12	17	20	30	20	10	17	22	0	0	51sffm	7300	1
374	강릉	부산동부	2020	12	17	10	20	20	10	17	15	50	0	28afgq	38000	7
375	강릉	부산동부	2020	12	17	12	50	20	10	17	18	20	0	29agdo	38000	29
376	강릉	부산동부	2020	12	17	13	50	20	10	17	19	20	0	12fajs	38000	1
377	강릉	부산동부	2020	12	17	15	20	20	10	17	20	50	0	92skfu	38000	2
378	강릉	부산동부	2020	12	17	23	10	20	10	17	4	40	0	72sjdh	41800	0
379	강릉	춘천	2020	12	17	7	10	20	10	17	9	0	0	42fkiw	14100	1
380	강릉	춘천	2020	12	17	7	50	20	10	17	9	40	0	74sdie	14100	4
381	강릉	춘천	2020	12	17	8	25	20	10	17	10	15	0	82ksoq	14100	23
382	강릉	춘천	2020	12	17	9	10	20	10	17	11	0	0	27asjd	12100	24
383	강릉	춘천	2020	12	17	12	0	20	10	17	13	50	0	37skdi	14100	17
384	강릉	춘천	2020	12	17	13	50	20	10	17	15	40	0	39skdo	12100	41
385	강릉	춘천	2020	12	17	15	10	20	10	17	17	0	0	32acms	12100	41
386	강릉	춘천	2020	12	17	15	40	20	10	17	17	30	0	93lsmd	14100	20
387	강릉	춘천	2020	12	17	17	50	20	10	17	19	40	0	38xkde	12100	40
388	강릉	춘천	2020	12	17	19	0	20	10	17	20	50	0	48vmdn	14100	25
389	수원	강릉시외	2020	12	17	7	30	20	10	17	10	10	0	12skfu	18500	28
390	수원	강릉시외	2020	12	17	8	30	20	10	17	11	10	0	19skdk	18500	28
391	수원	강릉시외	2020	12	17	9	30	20	10	17	12	10	0	93sadf	18500	15
392	수원	강릉시외	2020	12	17	10	40	20	10	17	13	20	0	87sdqs	18500	1
393	수원	강릉시외	2020	12	17	11	30	20	10	17	14	10	0	82asdf	18500	1
394	수원	강릉시외	2020	12	17	12	30	20	10	17	15	10	0	93sdfh	18500	34
395	수원	강릉시외	2020	12	17	13	30	20	10	17	16	10	0	58aghy	18500	2
396	수원	강릉시외	2020	12	17	14	30	20	10	17	17	10	0	35adps	18500	0
397	수원	강릉시외	2020	12	17	15	30	20	10	17	18	10	0	51sffm	18500	5
398	수원	강릉시외	2020	12	17	16	30	20	10	17	19	10	0	28afgq	18500	8
399	수원	강릉시외	2020	12	17	17	30	20	10	17	21	10	0	29agdo	18500	0
400	수원	강릉시외	2020	12	17	18	30	20	10	17	22	10	0	12fajs	18500	20
401	수원	경주시외	2020	12	17	0	10	20	10	17	3	55	0	92skfu	27900	10
402	수원	경주시외	2020	12	17	10	30	20	10	17	14	15	0	72sjdh	25400	30
403	수원	경주시외	2020	12	17	12	55	20	10	17	16	40	0	42fkiw	21700	0
404	수원	경주시외	2020	12	17	14	40	20	10	17	18	25	0	74sdie	25400	42
405	수원	고양	2020	12	17	6	45	20	10	17	8	15	0	82ksoq	6100	20
406	수원	고양	2020	12	17	10	10	20	10	17	11	40	0	27asjd	6100	30
407	수원	고양	2020	12	17	13	30	20	10	17	15	0	0	37skdi	6100	40
408	수원	고양	2020	12	17	17	0	20	10	17	18	30	0	87skxi	6100	0
409	수원	고양	2020	12	17	20	50	20	10	17	22	20	0	83jsjd	6100	1
410	수원	동대구	2020	12	17	7	40	20	10	17	10	50	0	72sjdo	23100	4
411	수원	동대구	2020	12	17	10	50	20	10	17	14	0	0	58sodq	23100	5
412	수원	동대구	2020	12	17	13	40	20	10	17	16	50	0	32acms	23100	7
413	수원	동대구	2020	12	17	16	40	20	10	17	19	50	0	93lsmd	23100	29
414	수원	동대구	2020	12	17	19	40	20	10	17	22	50	0	38xkde	23100	1
415	수원	부산동부	2020	12	17	0	20	20	10	17	4	35	0	27asjd	32500	2
416	수원	부산동부	2020	12	17	8	30	20	10	17	12	45	0	37skdi	29500	0
417	수원	부산동부	2020	12	17	11	0	20	10	17	15	15	0	39skdo	29500	1
418	수원	부산동부	2020	12	17	13	30	20	10	17	17	45	0	52ekxd	29500	4
419	수원	부산동부	2020	12	17	16	10	20	10	17	20	25	0	49cldm	29500	5
420	수원	부산동부	2020	12	17	18	0	20	10	17	22	15	0	31cmks	29500	7
421	수원	안동	2020	12	17	7	0	20	10	17	10	0	0	23ejjc	21900	29
422	수원	안동	2020	12	17	9	20	20	10	17	12	20	0	37fncl	21900	1
423	수원	안동	2020	12	17	10	30	20	10	17	13	30	0	13ewqa	21900	2
424	수원	안동	2020	12	17	11	30	20	10	17	14	30	0	31opld	21900	5
425	수원	안동	2020	12	17	14	10	20	10	17	17	10	0	38dola	21900	1
426	수원	안동	2020	12	17	16	20	20	10	17	19	20	0	71dxze	21900	7
427	수원	안동	2020	12	17	18	40	20	10	17	21	40	0	73deqa	21900	29
428	수원	전주	2020	12	17	7	50	20	10	17	10	20	0	32odlx	16700	1
429	수원	전주	2020	12	17	9	0	20	10	17	11	40	0	56qaxd	14200	2
430	수원	전주	2020	12	17	10	0	20	10	17	12	30	0	82dxme	16700	0
431	수원	전주	2020	12	17	10	30	20	10	17	13	10	0	97edxq	14200	1
432	수원	전주	2020	12	17	11	10	20	10	17	13	40	0	86doqs	14200	4
433	수원	전주	2020	12	17	12	0	20	10	17	14	50	0	93icms	16700	23
434	수원	전주	2020	12	17	12	40	20	10	17	15	20	0	92xoem	14200	24
435	수원	전주	2020	12	17	14	0	20	10	17	16	30	0	30oela	14200	17
436	수원	전주	2020	12	17	16	20	20	10	17	18	50	0	29dkce	14200	41
437	수원	전주	2020	12	17	17	40	20	10	17	20	20	0	12xole	16700	41
438	수원	전주	2020	12	17	18	30	20	10	17	21	30	0	39skdo	14200	20
439	수원	춘천	2020	12	17	7	40	20	10	17	9	30	0	09sidi	10900	2
440	수원	춘천	2020	12	17	9	0	20	10	17	10	50	0	98sjdu	10900	5
441	수원	춘천	2020	12	17	11	40	20	10	17	13	30	0	87skxi	10900	1
442	수원	춘천	2020	12	17	13	0	20	10	17	14	50	0	83jsjd	10900	7
443	수원	춘천	2020	12	17	15	40	20	10	17	17	30	0	72sjdo	10900	29
444	수원	춘천	2020	12	17	17	0	20	10	17	18	50	0	36sdao	10900	1
445	수원	춘천	2020	12	17	19	20	20	10	17	21	10	0	32odlx	10900	2
446	수원	부천	2020	12	17	7	15	20	10	17	8	15	0	56qaxd	4700	0
447	수원	부천	2020	12	17	8	40	20	10	17	9	40	0	82dxme	4700	1
448	수원	부천	2020	12	17	10	0	20	10	17	11	0	0	97edxq	4700	2
449	수원	부천	2020	12	17	11	10	20	10	17	12	10	0	86doqs	4700	5
450	수원	부천	2020	12	17	12	30	20	10	17	13	30	0	93icms	4700	1
451	수원	부천	2020	12	17	13	50	20	10	17	14	50	0	92xoem	4700	7
452	수원	부천	2020	12	17	14	40	20	10	17	15	40	0	30oela	4700	29
453	수원	부천	2020	12	17	16	0	20	10	17	17	0	0	93lsmd	4700	1
454	수원	부천	2020	12	17	17	20	20	10	17	18	20	0	38xkde	4700	2
455	수원	부천	2020	12	17	18	10	20	10	17	19	10	0	27asjd	4700	0
456	수원	부천	2020	12	17	19	20	20	10	17	20	20	0	27asjd	4700	1
457	수원	부천	2020	12	17	20	40	20	10	17	21	40	0	37skdi	4700	4
458	수원	부천	2020	12	17	21	40	20	10	17	22	40	0	73asfw	4700	23
459	수원	부천	2020	12	17	22	30	20	10	17	23	30	0	14fasd	4700	24
460	동서울	순천	2020	12	17	14	0	2020	12	17	18	10	0	15asff	31500	22
461	동서울	순천	2020	12	17	18	10	2020	12	17	22	20	0	14gfhd	31500	21
462	동서울	강릉시외	2020	12	17	12	0	2020	12	17	13	0	0	98sjdj	15600	22
463	동서울	강릉시외	2020	12	17	12	45	2020	12	17	13	45	0	97asfs	20200	25
464	동서울	강릉시외	2020	12	17	13	5	2020	12	17	14	5	0	87sfkf	20200	21
465	동서울	강릉시외	2020	12	17	13	40	2020	12	17	14	40	0	77fasf	20200	23
466	동서울	강릉시외	2020	12	17	13	50	2020	12	17	14	50	0	65jvis	20200	24
467	동서울	강릉시외	2020	12	17	14	50	2020	12	17	15	50	0	12skfu	20200	25
468	동서울	강릉시외	2020	12	17	15	25	2020	12	17	16	25	0	19skdk	20200	22
469	동서울	강릉시외	2020	12	17	15	25	2020	12	17	16	25	0	93sadf	20200	0
470	동서울	강릉시외	2020	12	17	16	1	2020	12	17	17	1	0	87sdqs	20200	22
471	동서울	강릉시외	2020	12	17	16	20	2020	12	17	17	20	0	82asdf	20200	32
472	동서울	강릉시외	2020	12	17	16	35	2020	12	17	17	35	0	73asfw	20200	1
473	동서울	강릉시외	2020	12	17	17	55	2020	12	17	18	55	0	93sdfh	20200	2
474	동서울	강릉시외	2020	12	17	18	57	2020	12	17	19	57	0	58aghy	20200	22
475	동서울	강릉시외	2020	12	17	20	5	2020	12	17	21	5	0	35adps	20200	23
476	동서울	강릉시외	2020	12	17	20	20	2020	12	17	21	20	0	51sffm	20200	25
477	동서울	강릉시외	2020	12	17	20	50	2020	12	17	21	50	0	28afgq	20200	24
478	동서울	강릉시외	2020	12	17	22	20	2020	12	17	23	20	0	29agdo	20200	23
479	동서울	경주시외	2020	12	17	13	0	2020	12	17	15	0	0	12fajs	30000	23
480	동서울	경주시외	2020	12	17	14	10	2020	12	17	16	10	0	92skfu	30000	26
481	동서울	경주시외	2020	12	17	15	30	2020	12	17	17	30	0	72sjdh	30000	28
482	동서울	경주시외	2020	12	17	17	20	2020	12	17	19	20	0	29agdo	30000	27
483	동서울	경주시외	2020	12	17	18	10	2020	12	17	20	10	0	12fajs	30000	23
484	동서울	안동	2020	12	17	12	30	2020	12	17	13	45	0	92skfu	22200	23
485	동서울	안동	2020	12	17	13	0	2020	12	17	14	15	0	72sjdh	22200	26
486	동서울	안동	2020	12	17	13	50	2020	12	17	15	5	0	42fkiw	22200	25
487	동서울	안동	2020	12	17	15	0	2020	12	17	16	15	0	74sdie	22200	26
488	동서울	안동	2020	12	17	15	30	2020	12	17	16	45	0	82ksoq	22200	39
489	동서울	안동	2020	12	17	15	50	2020	12	17	17	5	0	27asjd	22200	28
490	동서울	안동	2020	12	17	16	10	2020	12	17	17	25	0	37skdi	22200	27
491	동서울	안동	2020	12	17	16	40	2020	12	17	17	55	0	39skdo	22200	27
492	동서울	안동	2020	12	17	17	0	2020	12	17	18	15	0	09sidi	22200	25
493	동서울	안동	2020	12	17	18	30	2020	12	17	19	45	0	98sjdu	22200	27
494	동서울	안동	2020	12	17	20	0	2020	12	17	21	15	0	87skxi	22200	25
495	동서울	안동	2020	12	17	22	30	2020	12	17	23	45	0	83jsjd	22200	28
496	동서울	춘천	2020	12	17	6	10	2020	12	17	7	10	0	72sjdo	8500	23
497	동서울	춘천	2020	12	17	6	30	2020	12	17	7	30	0	36sdao	8500	23
498	동서울	춘천	2020	12	17	6	45	2020	12	17	7	45	0	01sieo	8500	26
499	동서울	춘천	2020	12	17	7	0	2020	12	17	8	0	0	83jsjd	8500	25
500	동서울	춘천	2020	12	17	7	35	2020	12	17	8	35	0	72sjdo	8500	26
501	동서울	춘천	2020	12	17	8	5	2020	12	17	9	5	0	36sdao	8500	39
502	동서울	춘천	2020	12	17	8	15	2020	12	17	9	15	0	01sieo	8500	28
503	동서울	춘천	2020	12	17	8	40	2020	12	17	9	40	0	02skdj	8500	27
504	동서울	춘천	2020	12	17	9	30	2020	12	17	10	30	0	04dosj	8500	27
505	동서울	춘천	2020	12	17	9	35	2020	12	17	10	35	0	48dowi	8500	25
506	동서울	춘천	2020	12	17	10	0	2020	12	17	11	0	0	58sodq	8500	27
507	동서울	춘천	2020	12	17	10	25	2020	12	17	11	25	0	32acms	8500	25
508	동서울	춘천	2020	12	17	10	30	2020	12	17	11	30	0	93lsmd	8500	28
509	동서울	춘천	2020	12	17	11	0	2020	12	17	12	0	0	38xkde	8500	31
510	동서울	춘천	2020	12	17	11	20	2020	12	17	12	20	0	48vmdn	8500	30
511	동서울	춘천	2020	12	17	11	40	2020	12	17	12	40	0	93dcmd	8500	13
512	동서울	춘천	2020	12	17	11	55	2020	12	17	12	55	0	73dmce	8500	27
513	동서울	춘천	2020	12	17	12	0	2020	12	17	13	0	0	42eudc	8500	29
514	동서울	춘천	2020	12	17	12	20	2020	12	17	13	20	0	31cmks	8500	13
515	동서울	춘천	2020	12	17	16	55	2020	12	17	17	55	0	23ejjc	8500	27
516	동서울	춘천	2020	12	17	17	15	2020	12	17	18	15	0	37fncl	8500	25
517	동서울	춘천	2020	12	17	17	25	2020	12	17	18	25	0	13ewqa	8500	28
518	동서울	춘천	2020	12	17	17	40	2020	12	17	18	40	0	31opld	8500	22
519	동서울	춘천	2020	12	17	17	50	2020	12	17	18	50	0	38dola	8500	23
520	동서울	춘천	2020	12	17	18	0	2020	12	17	19	0	0	71dxze	8500	25
521	동서울	춘천	2020	12	17	18	15	2020	12	17	19	15	0	73deqa	8500	24
522	동서울	춘천	2020	12	17	18	30	2020	12	17	19	30	0	32odlx	8500	23
523	동서울	춘천	2020	12	17	18	45	2020	12	17	19	45	0	56qaxd	8500	23
524	동서울	춘천	2020	12	17	19	0	2020	12	17	20	0	0	82dxme	8500	26
525	동서울	춘천	2020	12	17	19	10	2020	12	17	20	10	0	97edxq	8500	28
526	동서울	춘천	2020	12	17	19	15	2020	12	17	20	15	0	56qaxd	8500	27
527	동서울	춘천	2020	12	17	19	55	2020	12	17	20	55	0	82dxme	8500	23
528	동서울	춘천	2020	12	17	20	5	2020	12	17	21	5	0	97edxq	8500	23
529	동서울	춘천	2020	12	17	20	15	2020	12	17	21	15	0	86doqs	8500	26
530	동서울	춘천	2020	12	17	20	20	2020	12	17	21	20	0	93icms	8500	25
531	동서울	춘천	2020	12	17	20	35	2020	12	17	21	35	0	92xoem	8500	26
532	동서울	춘천	2020	12	17	20	45	2020	12	17	21	45	0	30oela	8500	39
533	동서울	춘천	2020	12	17	21	0	2020	12	17	22	0	0	29dkce	8500	28
534	동서울	춘천	2020	12	17	21	25	2020	12	17	22	25	0	12xole	8500	27
535	동서울	춘천	2020	12	17	21	30	2020	12	17	22	30	0	38qios	8500	27
536	동서울	춘천	2020	12	17	21	40	2020	12	17	22	40	0	29agdo	8500	25
537	동서울	춘천	2020	12	17	21	55	2020	12	17	22	55	0	12fajs	8500	27
538	동서울	춘천	2020	12	17	22	10	2020	12	17	23	10	0	92skfu	8500	25
539	동서울	춘천	2020	12	17	22	25	2020	12	17	23	25	0	72sjdh	8500	28
540	동서울	춘천	2020	12	17	22	40	2020	12	17	23	40	0	42fkiw	8500	31
541	동서울	춘천	2020	12	17	22	55	2020	12	17	23	55	0	74sdie	8500	30
542	동서울	춘천	2020	12	17	23	10	2020	12	17	24	10	0	82ksoq	8500	13
543	동서울	춘천	2020	12	17	23	25	2020	12	17	24	25	0	27asjd	8500	27
544	동서울	춘천	2020	12	17	23	40	2020	12	17	24	40	0	37skdi	8500	29
545	서울남부	전주	2020	12	17	12	35	2020	12	17	15	5	0	39skdo	13800	24
546	서울남부	전주	2020	12	17	12	55	2020	12	17	15	25	0	09sidi	13800	30
547	서울남부	전주	2020	12	17	13	35	2020	12	17	16	5	0	14fasd	13800	30
548	서울남부	전주	2020	12	17	13	55	2020	12	17	16	25	0	15asff	13800	29
549	서울남부	전주	2020	12	17	14	15	2020	12	17	16	45	0	14gfhd	13800	25
550	서울남부	전주	2020	12	17	16	5	2020	12	17	18	35	0	98sjdj	13800	26
551	서울남부	전주	2020	12	17	16	25	2020	12	17	18	55	0	97asfs	13800	31
552	서울남부	전주	2020	12	17	17	5	2020	12	17	19	35	0	87sfkf	13800	27
553	서울남부	전주	2020	12	17	18	0	2020	12	17	20	30	0	77fasf	13800	28
554	서울남부	전주	2020	12	17	18	30	2020	12	17	21	0	0	65jvis	13800	28
555	서울남부	전주	2020	12	17	19	0	2020	12	17	21	30	0	12skfu	13800	31
556	서울남부	전주	2020	12	17	19	30	2020	12	17	22	0	0	19skdk	13800	30
557	서울남부	전주	2020	12	17	20	30	2020	12	17	23	0	0	93sadf	13800	29
558	서울남부	전주	2020	12	17	21	10	2020	12	17	23	40	0	87sdqs	13800	30
559	서울남부	전주	2020	12	17	21	30	2020	12	17	24	0	0	82asdf	13800	29
560	안동	동서울	2020	12	17	5	30	2020	12	17	8	30	0	73asfw	20000	26
561	안동	동서울	2020	12	17	8	0	2020	12	17	11	0	0	93sdfh	20000	27
562	안동	동서울	2020	12	17	8	30	2020	12	17	11	30	0	58aghy	20000	25
563	안동	동서울	2020	12	17	10	30	2020	12	17	13	30	0	35adps	20000	25
564	안동	동서울	2020	12	17	10	50	2020	12	17	13	50	0	51sffm	20000	28
565	안동	동서울	2020	12	17	11	10	2020	12	17	14	10	0	28afgq	20000	31
566	안동	동서울	2020	12	17	11	40	2020	12	17	14	40	0	29agdo	20000	30
567	안동	동서울	2020	12	17	12	50	2020	12	17	15	50	0	12fajs	20000	13
568	안동	동서울	2020	12	17	13	50	2020	12	17	16	50	0	92skfu	20000	27
569	안동	동서울	2020	12	17	14	20	2020	12	17	17	20	0	72sjdh	20000	29
570	안동	동서울	2020	12	17	15	0	2020	12	17	18	0	0	29agdo	20000	24
571	안동	동서울	2020	12	17	15	20	2020	12	17	18	20	0	12fajs	20000	30
572	안동	동서울	2020	12	17	16	0	2020	12	17	19	0	0	14fasd	20000	30
573	안동	동서울	2020	12	17	17	0	2020	12	17	20	0	0	15asff	20000	29
574	안동	동서울	2020	12	17	17	20	2020	12	17	20	20	0	14gfhd	20000	25
575	안동	동서울	2020	12	17	17	40	2020	12	17	20	40	0	98sjdj	20000	26
576	안동	동서울	2020	12	17	18	0	2020	12	17	21	0	0	97asfs	20000	31
577	안동	동서울	2020	12	17	19	30	2020	12	17	22	30	0	87sfkf	20000	27
578	안동	동서울	2020	12	17	20	0	2020	12	17	23	0	0	77fasf	20000	28
579	안동	동서울	2020	12	17	20	40	2020	12	17	23	40	0	65jvis	20000	28
580	안동	동서울	2020	12	17	22	0	2020	12	17	25	0	0	12skfu	20000	31
581	안동	경주시외	2020	12	17	9	50	2020	12	17	11	30	0	19skdk	10800	30
582	안동	경주시외	2020	12	17	11	50	2020	12	17	12	30	0	93sadf	10800	29
583	안동	경주시외	2020	12	17	13	55	2020	12	17	17	35	0	87sdqs	10800	30
584	안동	경주시외	2020	12	17	16	50	2020	12	17	17	30	0	82asdf	10800	29
585	안동	고양	2020	12	17	15	40	2020	12	17	19	33	0	73asfw	26500	26
586	안동	부산동부	2020	12	17	8	0	2020	12	17	10	30	0	93sdfh	17200	27
587	안동	부산동부	2020	12	17	10	0	2020	12	17	12	30	0	58aghy	17200	25
588	안동	부산동부	2020	12	17	11	0	2020	12	17	13	30	0	35adps	17200	22
589	안동	부산동부	2020	12	17	12	0	2020	12	17	14	30	0	51sffm	17200	31
590	안동	부산동부	2020	12	17	13	0	2020	12	17	15	30	0	28afgq	17200	28
591	안동	부산동부	2020	12	17	15	0	2020	12	17	17	30	0	29agdo	17200	26
592	안동	부산동부	2020	12	17	16	0	2020	12	17	18	30	0	12fajs	17200	31
593	안동	부산동부	2020	12	17	17	0	2020	12	17	19	30	0	92skfu	17200	21
594	안동	부산동부	2020	12	17	20	30	2020	12	17	21	0	0	72sjdh	17200	14
595	안동	부천	2020	12	17	9	30	2020	12	17	13	30	0	29agdo	27600	23
596	안동	부천	2020	12	17	13	35	2020	12	17	17	35	0	12fajs	27600	25
597	안동	부천	2020	12	17	17	30	2020	12	17	21	30	0	92skfu	27600	22
598	춘천	동서울	2020	12	17	5	50	2020	12	17	6	50	0	72sjdh	7700	29
599	춘천	동서울	2020	12	17	6	25	2020	12	17	7	25	0	42fkiw	7700	25
600	춘천	동서울	2020	12	17	6	50	2020	12	17	7	50	0	74sdie	7700	26
601	춘천	동서울	2020	12	17	6	55	2020	12	17	7	55	0	82ksoq	7700	31
602	춘천	동서울	2020	12	17	7	10	2020	12	17	8	10	0	27asjd	7700	27
603	춘천	동서울	2020	12	17	7	25	2020	12	17	8	25	0	37skdi	7700	28
604	춘천	동서울	2020	12	17	7	40	2020	12	17	8	40	0	39skdo	7700	28
605	춘천	동서울	2020	12	17	7	45	2020	12	17	8	45	0	09sidi	7700	31
606	춘천	동서울	2020	12	17	7	55	2020	12	17	8	55	0	98sjdu	7700	30
607	춘천	동서울	2020	12	17	8	10	2020	12	17	9	10	0	87skxi	7700	29
608	춘천	동서울	2020	12	17	8	25	2020	12	17	9	25	0	83jsjd	7700	30
609	춘천	동서울	2020	12	17	8	40	2020	12	17	9	40	0	72sjdo	7700	29
610	춘천	동서울	2020	12	17	8	45	2020	12	17	9	45	0	36sdao	7700	26
611	춘천	동서울	2020	12	17	8	55	2020	12	17	9	55	0	01sieo	7700	27
612	춘천	동서울	2020	12	17	9	10	2020	12	17	10	10	0	83jsjd	7700	25
613	춘천	동서울	2020	12	17	9	30	2020	12	17	10	30	0	72sjdo	7700	25
614	춘천	동서울	2020	12	17	9	40	2020	12	17	10	40	0	36sdao	7700	28
615	춘천	동서울	2020	12	17	9	50	2020	12	17	10	50	0	01sieo	7700	31
616	춘천	동서울	2020	12	17	10	5	2020	12	17	11	5	0	02skdj	7700	30
617	춘천	동서울	2020	12	17	10	20	2020	12	17	11	20	0	04dosj	7700	13
618	춘천	동서울	2020	12	17	10	25	2020	12	17	11	25	0	48dowi	7700	27
619	춘천	동서울	2020	12	17	10	35	2020	12	17	11	35	0	58sodq	7700	29
620	춘천	동서울	2020	12	17	10	45	2020	12	17	11	45	0	32acms	7700	24
621	춘천	동서울	2020	12	17	10	55	2020	12	17	11	55	0	93lsmd	7700	30
622	춘천	동서울	2020	12	17	11	5	2020	12	17	12	5	0	38xkde	7700	30
623	춘천	동서울	2020	12	17	11	25	2020	12	17	12	25	0	48vmdn	7700	29
624	춘천	동서울	2020	12	17	11	35	2020	12	17	12	35	0	93dcmd	7700	25
625	춘천	동서울	2020	12	17	11	50	2020	12	17	12	50	0	73dmce	7700	26
626	춘천	동서울	2020	12	17	12	5	2020	12	17	13	5	0	42eudc	7700	31
627	춘천	동서울	2020	12	17	12	20	2020	12	17	13	20	0	31cmks	7700	27
628	춘천	동서울	2020	12	17	12	40	2020	12	17	13	40	0	23ejjc	7700	28
629	춘천	동서울	2020	12	17	12	55	2020	12	17	13	55	0	37fncl	7700	28
630	춘천	동서울	2020	12	17	13	10	2020	12	17	14	10	0	13ewqa	7700	31
631	춘천	동서울	2020	12	17	13	25	2020	12	17	14	25	0	31opld	7700	30
632	춘천	동서울	2020	12	17	13	55	2020	12	17	14	55	0	38dola	7700	29
633	춘천	동서울	2020	12	17	14	10	2020	12	17	15	10	0	71dxze	7700	30
634	춘천	동서울	2020	12	17	14	25	2020	12	17	15	25	0	73deqa	7700	29
635	춘천	동서울	2020	12	17	14	35	2020	12	17	15	35	0	32odlx	7700	26
636	춘천	동서울	2020	12	17	14	40	2020	12	17	15	40	0	56qaxd	7700	27
637	춘천	동서울	2020	12	17	15	10	2020	12	17	16	10	0	82dxme	7700	25
638	춘천	동서울	2020	12	17	15	30	2020	12	17	16	30	0	97edxq	7700	22
639	춘천	동서울	2020	12	17	15	40	2020	12	17	16	40	0	56qaxd	7700	31
640	춘천	동서울	2020	12	17	16	10	2020	12	17	17	10	0	82dxme	7700	28
641	춘천	동서울	2020	12	17	16	50	2020	12	17	17	50	0	97edxq	7700	26
642	춘천	동서울	2020	12	17	17	5	2020	12	17	18	5	0	86doqs	7700	31
643	춘천	동서울	2020	12	17	17	10	2020	12	17	18	10	0	93icms	7700	21
644	춘천	동서울	2020	12	17	17	20	2020	12	17	18	20	0	92xoem	7700	14
645	춘천	동서울	2020	12	17	17	35	2020	12	17	18	35	0	30oela	7700	23
646	춘천	동서울	2020	12	17	17	50	2020	12	17	18	50	0	29dkce	7700	25
647	춘천	동서울	2020	12	17	18	5	2020	12	17	19	5	0	12xole	7700	22
648	춘천	동서울	2020	12	17	18	20	2020	12	17	19	20	0	38qios	7700	29
649	춘천	동서울	2020	12	17	18	35	2020	12	17	19	35	0	29agdo	7700	25
650	춘천	동서울	2020	12	17	18	45	2020	12	17	19	45	0	12fajs	7700	26
651	춘천	동서울	2020	12	17	19	0	2020	12	17	20	0	0	92skfu	7700	31
652	춘천	동서울	2020	12	17	19	15	2020	12	17	20	15	0	72sjdh	7700	27
653	춘천	동서울	2020	12	17	19	25	2020	12	17	20	25	0	42fkiw	7700	28
654	춘천	동서울	2020	12	17	19	45	2020	12	17	20	45	0	74sdie	7700	28
655	춘천	동서울	2020	12	17	19	55	2020	12	17	20	55	0	82ksoq	7700	31
656	춘천	동서울	2020	12	17	20	10	2020	12	17	21	10	0	27asjd	7700	30
657	춘천	동서울	2020	12	17	20	25	2020	12	17	21	25	0	37skdi	7700	29
658	춘천	동서울	2020	12	17	20	40	2020	12	17	21	40	0	39skdo	7700	30
659	춘천	동서울	2020	12	17	20	55	2020	12	17	21	55	0	09sidi	7700	29
660	춘천	동서울	2020	12	17	21	30	2020	12	17	22	30	0	98sjdu	7700	26
661	춘천	동서울	2020	12	17	21	40	2020	12	17	22	40	0	87skxi	7700	27
662	춘천	동서울	2020	12	17	22	20	2020	12	17	23	20	0	83jsjd	7700	25
663	춘천	동서울	2020	12	17	23	0	2020	12	17	24	0	0	72sjdo	7700	25
664	춘천	강릉시외	2020	12	17	6	20	2020	12	17	8	20	0	36sdao	14100	28
665	춘천	강릉시외	2020	12	17	8	0	2020	12	17	10	0	0	01sieo	14100	31
666	춘천	강릉시외	2020	12	17	8	30	2020	12	17	10	30	0	02skdj	14100	30
667	춘천	강릉시외	2020	12	17	9	30	2020	12	17	11	30	0	04dosj	14100	13
668	춘천	강릉시외	2020	12	17	10	30	2020	12	17	12	30	0	48dowi	14100	27
669	춘천	강릉시외	2020	12	17	12	20	2020	12	17	13	20	0	58sodq	14100	29
670	춘천	강릉시외	2020	12	17	13	0	2020	12	17	14	0	0	32acms	14100	24
671	춘천	강릉시외	2020	12	17	15	15	2020	12	17	16	15	0	93lsmd	14100	30
672	춘천	강릉시외	2020	12	17	16	30	2020	12	17	18	30	0	15asff	14100	30
673	춘천	강릉시외	2020	12	17	17	0	2020	12	17	19	0	0	14gfhd	14100	29
674	춘천	강릉시외	2020	12	17	17	40	2020	12	17	19	40	0	98sjdj	14100	25
675	춘천	강릉시외	2020	12	17	18	30	2020	12	17	20	30	0	97asfs	14100	26
676	춘천	경주시외	2020	12	17	7	40	2020	12	17	12	20	0	87sfkf	32900	31
677	춘천	경주시외	2020	12	17	9	40	2020	12	17	14	20	0	77fasf	32900	27
678	춘천	경주시외	2020	12	17	17	0	2020	12	17	21	40	0	65jvis	32900	28
679	춘천	고양	2020	12	17	6	40	2020	12	17	8	25	0	12skfu	13400	28
680	춘천	고양	2020	12	17	11	40	2020	12	17	13	25	0	19skdk	13400	31
681	춘천	고양	2020	12	17	14	0	2020	12	17	15	25	0	93sadf	13400	30
682	춘천	고양	2020	12	17	20	0	2020	12	17	21	25	0	87sdqs	13400	29
683	춘천	부산동부	2020	12	17	7	30	2020	12	17	12	40	0	82asdf	35600	30
684	춘천	부산동부	2020	12	17	8	30	2020	12	17	13	40	0	73asfw	35600	29
685	춘천	부산동부	2020	12	17	10	20	2020	12	17	15	30	0	93sdfh	35600	26
686	춘천	부산동부	2020	12	17	11	30	2020	12	17	16	40	0	58aghy	35600	27
687	춘천	부산동부	2020	12	17	14	10	2020	12	17	19	20	0	35adps	35600	25
688	춘천	부산동부	2020	12	17	15	20	2020	12	17	20	30	0	51sffm	35600	22
689	춘천	부산동부	2020	12	17	17	10	2020	12	17	22	20	0	28afgq	35600	31
690	춘천	부산동부	2020	12	17	18	10	2020	12	17	23	20	0	29agdo	35600	28
691	춘천	수원	2020	12	17	7	40	2020	12	17	9	50	0	12fajs	10900	26
692	춘천	수원	2020	12	17	9	0	2020	12	17	11	10	0	92skfu	10900	31
693	춘천	수원	2020	12	17	11	40	2020	12	17	13	50	0	72sjdh	10900	21
694	춘천	수원	2020	12	17	13	0	2020	12	17	15	10	0	42fkiw	10900	14
695	춘천	수원	2020	12	17	15	40	2020	12	17	17	50	0	74sdie	10900	23
696	춘천	수원	2020	12	17	17	0	2020	12	17	19	10	0	82ksoq	10900	25
697	춘천	수원	2020	12	17	19	20	2020	12	17	21	30	0	27asjd	10900	22
698	춘천	전주	2020	12	17	9	0	2020	12	17	12	40	0	37skdi	25600	14
699	서울	부산	2020	12	17	5	15	2020	12	17	7	51	1	94ruvb	41900	53
700	서울	부산	2020	12	17	5	30	2020	12	17	8	17	1	65icjf	41900	52
701	서울	부산	2020	12	17	6	0	2020	12	17	8	54	1	19uvci	47800	51
702	서울	부산	2020	12	17	6	5	2020	12	17	8	54	1	75tiar	53800	52
703	서울	부산	2020	12	17	6	35	2020	12	17	9	16	1	51tfwr	59800	46
704	서울	부산	2020	12	17	7	0	2020	12	17	9	40	1	25oqbd	59800	47
705	서울	부산	2020	12	17	7	30	2020	12	17	10	2	1	51xmbu	59800	44
706	서울	부산	2020	12	17	7	50	2020	12	17	10	7	1	62gqyq	59800	43
707	서울	부산	2020	12	17	7	57	2020	12	17	11	4	1	68gtkh	48800	42
708	서울	부산	2020	12	17	8	0	2020	12	17	10	43	1	87kopi	59800	51
709	서울	부산	2020	12	17	9	0	2020	12	17	11	15	1	31jqts	59800	50
710	서울	부산	2020	12	17	9	35	2020	12	17	12	24	1	28syxk	59800	34
711	서울	부산	2020	12	17	9	45	2020	12	17	12	49	1	12bgps	53900	50
712	서울	부산	2020	12	17	10	0	2020	12	17	12	42	1	63ravr	59800	44
713	서울	부산	2020	12	17	10	17	2020	12	17	13	34	1	34fsbx	48800	43
714	서울	부산	2020	12	17	12	0	2020	12	17	14	42	1	85geqp	59800	32
715	서울	부산	2020	12	17	12	30	2020	12	17	15	7	1	36vwxh	59800	22
716	서울	부산	2020	12	17	13	0	2020	12	17	15	45	1	90ekkd	59800	34
717	서울	부산	2020	12	17	13	5	2020	12	17	16	13	1	61whnt	53900	53
718	서울	부산	2020	12	17	13	20	2020	12	17	15	52	1	97snpd	59800	42
719	서울	부산	2020	12	17	13	30	2020	12	17	16	10	1	12bgps	59800	22
720	서울	부산	2020	12	17	13	55	2020	12	17	16	22	1	28syxk	59800	35
721	서울	부산	2020	12	17	14	0	2020	12	17	16	27	1	97snpd	59800	33
722	서울	부산	2020	12	17	14	15	2020	12	17	16	30	1	94ruvb	59800	22
723	서울	부산	2020	12	17	15	0	2020	12	17	17	42	1	31jqts	59800	25
724	서울	부산	2020	12	17	15	40	2020	12	17	18	16	1	28syxk	59800	26
725	서울	부산	2020	12	17	16	0	2020	12	17	18	36	1	12bgps	59800	33
726	서울	부산	2020	12	17	16	11	2020	12	17	19	24	1	85geqp	48800	43
727	서울	부산	2020	12	17	16	30	2020	12	17	19	2	1	36vwxh	59800	41
728	서울	부산	2020	12	17	17	25	2020	12	17	20	10	1	65icjf	59800	22
729	서울	부산	2020	12	17	18	0	2020	12	17	20	35	1	75tiar	59800	26
730	서울	부산	2020	12	17	18	15	2020	12	17	20	50	1	51xmbu	59800	33
731	서울	부산	2020	12	17	18	55	2020	12	17	22	15	1	94ruvb	59800	15
732	서울	부산	2020	12	17	19	0	2020	12	17	21	40	1	51tfwr	59800	44
733	서울	부산	2020	12	17	19	35	2020	12	17	22	10	1	87kopi	59800	23
734	서울	부산	2020	12	17	20	0	2020	12	17	22	37	1	12bgps	59800	42
735	서울	부산	2020	12	17	20	50	2020	12	17	23	49	1	31jqts	59800	41
736	서울	부산	2020	12	17	21	0	2020	12	17	23	37	1	61whnt	59800	35
737	서울	부산	2020	12	17	21	30	2020	12	18	0	15	1	25oqbd	53900	38
738	서울	부산	2020	12	17	22	0	2020	12	18	0	40	1	85geqp	41900	33
739	서울	부산	2020	12	17	5	56	2020	12	17	11	29	1	8mdcu	28600	71
740	서울	부산	2020	12	17	6	38	2020	12	17	12	2	1	24mopc	28600	72
741	서울	부산	2020	12	17	7	10	2020	12	17	12	36	1	7beve	28600	66
742	서울	부산	2020	12	17	8	10	2020	12	17	13	44	1	7lnmj	28600	68
743	서울	부산	2020	12	17	9	56	2020	12	17	15	35	1	94julh	28600	62
744	서울	부산	2020	12	17	11	15	2020	12	17	17	8	1	39hwyu	28600	54
745	서울	부산	2020	12	17	13	16	2020	12	17	19	0	1	58badj	28600	47
746	서울	부산	2020	12	17	14	26	2020	12	17	19	51	1	47nydj	28600	70
747	서울	부산	2020	12	17	15	6	2020	12	17	20	40	1	93qpvq	28600	71
748	서울	부산	2020	12	17	17	40	2020	12	17	23	8	1	11vnmq	28600	66
749	서울	부산	2020	12	17	18	11	2020	12	17	23	36	1	87qklz	28600	54
750	서울	부산	2020	12	17	19	23	2020	12	18	0	45	1	02sdnd	28600	33
751	수서	대전	2020	12	17	5	30	2020	12	17	6	26	1	14jkhd	20100	53
752	수서	대전	2020	12	17	6	0	2020	12	17	6	57	1	45nfrq	20100	52
753	수서	대전	2020	12	17	6	30	2020	12	17	7	26	1	23fdgj	20100	51
754	수서	대전	2020	12	17	7	0	2020	12	17	7	52	1	54rure	20100	52
755	수서	대전	2020	12	17	7	5	2020	12	17	8	14	1	21ytui	20100	46
756	수서	대전	2020	12	17	7	30	2020	12	17	8	26	1	17ertj	20100	47
757	수서	대전	2020	12	17	8	0	2020	12	17	8	54	1	43ytmb	20100	44
758	수서	대전	2020	12	17	8	5	2020	12	17	9	13	1	14nhqd	20100	43
759	수서	대전	2020	12	17	9	0	2020	12	17	9	45	1	18ghzd	20100	42
760	수서	대전	2020	12	17	9	5	2020	12	17	10	2	1	11rtnz	20100	51
761	수서	대전	2020	12	17	9	20	2020	12	17	10	16	1	02sdnd	20100	50
762	수서	대전	2020	12	17	10	0	2020	12	17	10	58	1	57fnsd	20100	34
763	수서	대전	2020	12	17	10	30	2020	12	17	11	28	1	53himv	20100	50
764	수서	대전	2020	12	17	10	50	2020	12	17	11	47	1	31fgni	20100	44
765	수서	대전	2020	12	17	12	10	2020	12	17	13	8	1	46gfnz	20100	43
766	수서	대전	2020	12	17	12	30	2020	12	17	13	26	1	56gdnz	20100	32
767	수서	대전	2020	12	17	12	55	2020	12	17	13	44	1	47nizt	20100	22
768	수서	대전	2020	12	17	13	0	2020	12	17	13	57	1	85hmxv	20100	34
769	수서	대전	2020	12	17	13	30	2020	12	17	14	28	1	95fnei	20100	53
770	수서	대전	2020	12	17	14	0	2020	12	17	14	46	1	76gnzu	20100	42
771	수서	대전	2020	12	17	14	30	2020	12	17	15	23	1	14jkhd	20100	22
772	수서	대전	2020	12	17	15	0	2020	12	17	15	54	1	45nfrq	20100	35
773	수서	대전	2020	12	17	15	30	2020	12	17	16	32	1	23fdgj	20100	33
774	수서	대전	2020	12	17	16	0	2020	12	17	16	51	1	54rure	20100	22
775	수서	대전	2020	12	17	16	25	2020	12	17	17	12	1	21ytui	20100	25
776	수서	대전	2020	12	17	16	40	2020	12	17	17	34	1	17ertj	20100	26
777	수서	대전	2020	12	17	17	0	2020	12	17	17	57	1	43ytmb	20100	33
778	수서	대전	2020	12	17	17	30	2020	12	17	18	18	1	14nhqd	20100	43
779	수서	대전	2020	12	17	18	0	2020	12	17	18	52	1	18ghzd	20100	41
780	수서	대전	2020	12	17	18	30	2020	12	17	19	26	1	11rtnz	20100	22
781	수서	대전	2020	12	17	18	40	2020	12	17	19	41	1	02sdnd	20100	26
782	수서	대전	2020	12	17	19	0	2020	12	17	19	58	1	57fnsd	20100	33
783	수서	대전	2020	12	17	19	20	2020	12	17	20	14	1	53himv	20100	15
784	수서	대전	2020	12	17	19	30	2020	12	17	20	28	1	31fgni	20100	44
785	수서	대전	2020	12	17	20	0	2020	12	17	20	53	1	46gfnz	20100	23
786	수서	대전	2020	12	17	20	30	2020	12	17	21	37	1	56gdnz	20100	42
787	수서	대전	2020	12	17	21	0	2020	12	17	21	56	1	47nizt	20100	41
788	수서	대전	2020	12	17	21	30	2020	12	17	22	25	1	85hmxv	20100	35
789	수서	대전	2020	12	17	22	0	2020	12	17	22	52	1	95fnei	20100	38
790	수서	대전	2020	12	17	22	40	2020	12	17	23	42	1	76gnzu	37400	33
791	수서	동대구	2020	12	17	5	30	2020	12	17	7	12	1	14jkhd	37400	71
792	수서	동대구	2020	12	17	6	0	2020	12	17	7	43	1	45nfrq	37400	72
793	수서	동대구	2020	12	17	6	30	2020	12	17	8	12	1	23fdgj	37400	66
794	수서	동대구	2020	12	17	7	0	2020	12	17	8	43	1	54rure	37400	68
795	수서	동대구	2020	12	17	7	5	2020	12	17	9	0	1	21ytui	37400	62
796	수서	동대구	2020	12	17	7	30	2020	12	17	9	10	1	17ertj	37400	54
797	수서	동대구	2020	12	17	8	0	2020	12	17	9	38	1	43ytmb	37400	47
798	수서	동대구	2020	12	17	8	5	2020	12	17	9	59	1	14nhqd	37400	70
799	수서	동대구	2020	12	17	9	0	2020	12	17	10	29	1	18ghzd	37400	71
800	수서	동대구	2020	12	17	9	5	2020	12	17	10	48	1	11rtnz	37400	66
801	수서	동대구	2020	12	17	9	20	2020	12	17	11	8	1	02sdnd	37400	54
802	수서	동대구	2020	12	17	10	0	2020	12	17	11	44	1	57fnsd	37400	33
803	수서	동대구	2020	12	17	10	30	2020	12	17	12	19	1	53himv	37400	53
804	수서	동대구	2020	12	17	10	50	2020	12	17	12	33	1	31fgni	37400	52
805	수서	동대구	2020	12	17	12	10	2020	12	17	14	0	1	46gfnz	37400	51
806	수서	동대구	2020	12	17	12	30	2020	12	17	14	12	1	56gdnz	37400	52
807	수서	동대구	2020	12	17	12	55	2020	12	17	14	30	1	47nizt	37400	46
808	수서	동대구	2020	12	17	13	0	2020	12	17	14	43	1	85hmxv	37400	47
809	수서	동대구	2020	12	17	13	30	2020	12	17	15	14	1	95fnei	37400	44
810	수서	동대구	2020	12	17	14	0	2020	12	17	15	32	1	76gnzu	37400	43
811	수서	동대구	2020	12	17	14	30	2020	12	17	16	6	1	14jkhd	37400	42
812	수서	동대구	2020	12	17	15	0	2020	12	17	16	46	1	45nfrq	37400	51
813	수서	동대구	2020	12	17	15	30	2020	12	17	17	18	1	23fdgj	37400	50
814	수서	동대구	2020	12	17	16	0	2020	12	17	17	37	1	54rure	37400	34
815	수서	동대구	2020	12	17	16	25	2020	12	17	17	58	1	21ytui	37400	50
816	수서	동대구	2020	12	17	16	40	2020	12	17	18	25	1	17ertj	37400	44
817	수서	동대구	2020	12	17	17	0	2020	12	17	18	43	1	43ytmb	37400	43
818	수서	동대구	2020	12	17	17	30	2020	12	17	19	4	1	14nhqd	37400	32
819	수서	동대구	2020	12	17	18	0	2020	12	17	19	37	1	18ghzd	37400	22
820	수서	동대구	2020	12	17	18	30	2020	12	17	20	12	1	11rtnz	37400	34
821	수서	동대구	2020	12	17	18	40	2020	12	17	20	32	1	02sdnd	37400	53
822	수서	동대구	2020	12	17	19	0	2020	12	17	20	47	1	57fnsd	37400	42
823	수서	동대구	2020	12	17	19	20	2020	12	17	20	59	1	53himv	37400	22
824	수서	동대구	2020	12	17	19	30	2020	12	17	21	13	1	31fgni	37400	35
825	수서	동대구	2020	12	17	20	0	2020	12	17	21	39	1	46gfnz	37400	33
826	수서	동대구	2020	12	17	20	30	2020	12	17	22	26	1	56gdnz	37400	22
827	수서	동대구	2020	12	17	21	0	2020	12	17	22	41	1	47nizt	37400	25
828	수서	동대구	2020	12	17	21	30	2020	12	17	23	11	1	85hmxv	37400	26
829	수서	동대구	2020	12	17	22	0	2020	12	17	23	44	1	95fnei	37400	33
830	수서	동대구	2020	12	17	22	40	2020	12	18	0	27	1	76gnzu	37400	43
831	수서	부산	2020	12	17	5	30	2020	12	17	8	5	1	14jkhd	52600	41
832	수서	부산	2020	12	17	6	0	2020	12	17	8	25	1	45nfrq	52600	22
833	수서	부산	2020	12	17	6	30	2020	12	17	9	4	1	23fdgj	52600	26
834	수서	부산	2020	12	17	7	0	2020	12	17	9	24	1	54rure	52600	33
835	수서	부산	2020	12	17	7	5	2020	12	17	9	47	1	21ytui	52600	15
836	수서	부산	2020	12	17	7	30	2020	12	17	9	57	1	17ertj	52600	44
837	수서	부산	2020	12	17	8	0	2020	12	17	10	26	1	43ytmb	52600	23
838	수서	부산	2020	12	17	8	5	2020	12	17	10	52	1	14nhqd	52600	42
839	수서	부산	2020	12	17	9	0	2020	12	17	11	9	1	18ghzd	52600	41
840	수서	부산	2020	12	17	9	5	2020	12	17	11	41	1	11rtnz	52600	35
841	수서	부산	2020	12	17	9	20	2020	12	17	11	50	1	02sdnd	52600	38
842	수서	부산	2020	12	17	10	0	2020	12	17	12	32	1	57fnsd	52600	33
843	수서	부산	2020	12	17	10	30	2020	12	17	13	0	1	53himv	52600	71
844	수서	부산	2020	12	17	10	50	2020	12	17	13	27	1	31fgni	52600	72
845	수서	부산	2020	12	17	12	10	2020	12	17	14	48	1	46gfnz	52600	66
846	수서	부산	2020	12	17	12	30	2020	12	17	14	59	1	56gdnz	52600	68
847	수서	부산	2020	12	17	12	55	2020	12	17	15	12	1	47nizt	52600	62
848	수서	부산	2020	12	17	13	0	2020	12	17	15	30	1	85hmxv	52600	54
849	수서	부산	2020	12	17	13	30	2020	12	17	16	0	1	95fnei	52600	47
850	수서	부산	2020	12	17	14	0	2020	12	17	16	15	1	76gnzu	52600	70
851	수서	부산	2020	12	17	14	30	2020	12	17	16	54	1	14jkhd	52600	71
852	수서	부산	2020	12	17	15	0	2020	12	17	17	34	1	45nfrq	52600	66
853	수서	부산	2020	12	17	15	30	2020	12	17	18	6	1	23fdgj	52600	54
854	수서	부산	2020	12	17	16	0	2020	12	17	18	24	1	54rure	52600	33
855	수서	부산	2020	12	17	16	25	2020	12	17	18	45	1	21ytui	52600	53
856	수서	부산	2020	12	17	16	40	2020	12	17	19	13	1	17ertj	52600	52
857	수서	부산	2020	12	17	17	0	2020	12	17	19	31	1	43ytmb	52600	51
858	수서	부산	2020	12	17	17	30	2020	12	17	19	52	1	14nhqd	52600	52
859	수서	부산	2020	12	17	18	0	2020	12	17	20	28	1	18ghzd	52600	46
860	수서	부산	2020	12	17	18	30	2020	12	17	20	59	1	11rtnz	52600	47
861	수서	부산	2020	12	17	18	40	2020	12	17	21	19	1	02sdnd	52600	44
862	수서	부산	2020	12	17	19	0	2020	12	17	21	28	1	57fnsd	52600	43
863	수서	부산	2020	12	17	19	20	2020	12	17	21	47	1	53himv	52600	42
864	수서	부산	2020	12	17	19	30	2020	12	17	22	0	1	31fgni	52600	51
865	수서	부산	2020	12	17	20	0	2020	12	17	22	23	1	46gfnz	52600	50
866	수서	부산	2020	12	17	20	30	2020	12	17	23	12	1	56gdnz	52600	34
867	수서	부산	2020	12	17	21	0	2020	12	17	23	29	1	47nizt	52600	50
868	수서	부산	2020	12	17	21	30	2020	12	17	23	59	1	85hmxv	52600	44
869	수서	부산	2020	12	17	22	0	2020	12	18	0	26	1	95fnei	52600	43
870	수서	부산	2020	12	17	22	40	2020	12	18	1	9	1	76gnzu	52600	32
871	대전	동대구	2020	12	17	6	26	2020	12	17	7	12	1	14jkhd	17600	22
872	대전	동대구	2020	12	17	6	57	2020	12	17	7	43	1	45nfrq	17600	34
873	대전	동대구	2020	12	17	7	26	2020	12	17	8	12	1	23fdgj	17600	53
874	대전	동대구	2020	12	17	7	52	2020	12	17	8	43	1	54rure	17600	42
875	대전	동대구	2020	12	17	8	14	2020	12	17	9	0	1	21ytui	17600	22
876	대전	동대구	2020	12	17	8	26	2020	12	17	9	10	1	17ertj	17600	35
877	대전	동대구	2020	12	17	8	54	2020	12	17	9	38	1	43ytmb	17600	33
878	대전	동대구	2020	12	17	9	13	2020	12	17	9	59	1	14nhqd	17600	22
879	대전	동대구	2020	12	17	9	45	2020	12	17	10	29	1	18ghzd	17600	25
880	대전	동대구	2020	12	17	10	2	2020	12	17	10	48	1	11rtnz	17600	26
881	대전	동대구	2020	12	17	10	16	2020	12	17	11	8	1	02sdnd	17600	33
882	대전	동대구	2020	12	17	10	58	2020	12	17	11	44	1	57fnsd	17600	43
883	대전	동대구	2020	12	17	11	28	2020	12	17	12	19	1	53himv	17600	41
884	대전	동대구	2020	12	17	11	47	2020	12	17	12	33	1	31fgni	17600	22
885	대전	동대구	2020	12	17	13	8	2020	12	17	14	0	1	46gfnz	17600	26
886	대전	동대구	2020	12	17	13	26	2020	12	17	14	12	1	56gdnz	17600	33
887	대전	동대구	2020	12	17	13	44	2020	12	17	14	30	1	47nizt	17600	15
888	대전	동대구	2020	12	17	13	57	2020	12	17	14	43	1	85hmxv	17600	44
889	대전	동대구	2020	12	17	14	28	2020	12	17	15	14	1	95fnei	17600	23
890	대전	동대구	2020	12	17	14	46	2020	12	17	15	32	1	76gnzu	17600	42
891	대전	동대구	2020	12	17	15	23	2020	12	17	16	6	1	14jkhd	17600	41
892	대전	동대구	2020	12	17	15	54	2020	12	17	16	46	1	45nfrq	17600	35
893	대전	동대구	2020	12	17	16	32	2020	12	17	17	18	1	23fdgj	17600	38
894	대전	동대구	2020	12	17	16	51	2020	12	17	17	37	1	54rure	17600	33
895	대전	동대구	2020	12	17	17	12	2020	12	17	17	58	1	21ytui	17600	71
896	대전	동대구	2020	12	17	17	34	2020	12	17	18	25	1	17ertj	17600	72
897	대전	동대구	2020	12	17	17	57	2020	12	17	18	43	1	43ytmb	17600	66
898	대전	동대구	2020	12	17	18	18	2020	12	17	19	4	1	14nhqd	17600	68
899	대전	동대구	2020	12	17	18	52	2020	12	17	19	37	1	18ghzd	17600	62
900	대전	동대구	2020	12	17	19	26	2020	12	17	20	12	1	11rtnz	17600	54
901	대전	동대구	2020	12	17	19	41	2020	12	17	20	32	1	02sdnd	17600	47
902	대전	동대구	2020	12	17	19	58	2020	12	17	20	47	1	57fnsd	17600	70
903	대전	동대구	2020	12	17	20	14	2020	12	17	20	59	1	53himv	17600	71
904	대전	동대구	2020	12	17	20	28	2020	12	17	21	13	1	31fgni	17600	66
905	대전	동대구	2020	12	17	20	53	2020	12	17	21	39	1	46gfnz	17600	54
906	대전	동대구	2020	12	17	21	37	2020	12	17	22	26	1	56gdnz	17600	33
907	대전	동대구	2020	12	17	21	56	2020	12	17	22	41	1	47nizt	17600	53
908	대전	동대구	2020	12	17	22	25	2020	12	17	23	11	1	85hmxv	17600	52
909	대전	동대구	2020	12	17	22	52	2020	12	17	23	44	1	95fnei	17600	51
910	대전	동대구	2020	12	17	23	42	2020	12	18	0	27	1	76gnzu	17600	52
911	대전	부산	2020	12	17	6	26	2020	12	17	8	5	1	14jkhd	33000	46
912	대전	부산	2020	12	17	6	57	2020	12	17	8	25	1	45nfrq	33000	47
913	대전	부산	2020	12	17	7	26	2020	12	17	9	4	1	23fdgj	33000	44
914	대전	부산	2020	12	17	7	52	2020	12	17	9	24	1	54rure	33000	43
915	대전	부산	2020	12	17	8	14	2020	12	17	9	47	1	21ytui	33000	42
916	대전	부산	2020	12	17	8	26	2020	12	17	9	57	1	17ertj	33000	51
917	대전	부산	2020	12	17	8	54	2020	12	17	10	26	1	43ytmb	33000	50
918	대전	부산	2020	12	17	9	13	2020	12	17	10	52	1	14nhqd	33000	34
919	대전	부산	2020	12	17	9	45	2020	12	17	11	9	1	18ghzd	33000	50
920	대전	부산	2020	12	17	10	2	2020	12	17	11	41	1	11rtnz	33000	44
921	대전	부산	2020	12	17	10	16	2020	12	17	11	50	1	02sdnd	33000	43
922	대전	부산	2020	12	17	10	58	2020	12	17	12	32	1	57fnsd	33000	32
923	대전	부산	2020	12	17	11	28	2020	12	17	13	0	1	53himv	33000	22
924	대전	부산	2020	12	17	11	47	2020	12	17	13	27	1	31fgni	33000	34
925	대전	부산	2020	12	17	13	8	2020	12	17	14	48	1	46gfnz	33000	53
926	대전	부산	2020	12	17	13	26	2020	12	17	14	59	1	56gdnz	33000	42
927	대전	부산	2020	12	17	13	44	2020	12	17	15	12	1	47nizt	33000	22
928	대전	부산	2020	12	17	13	57	2020	12	17	15	30	1	85hmxv	33000	35
929	대전	부산	2020	12	17	14	28	2020	12	17	16	0	1	95fnei	33000	33
930	대전	부산	2020	12	17	14	46	2020	12	17	16	15	1	76gnzu	33000	22
931	대전	부산	2020	12	17	15	23	2020	12	17	16	54	1	14jkhd	33000	25
932	대전	부산	2020	12	17	15	54	2020	12	17	17	34	1	45nfrq	33000	26
933	대전	부산	2020	12	17	16	32	2020	12	17	18	6	1	23fdgj	33000	33
934	대전	부산	2020	12	17	16	51	2020	12	17	18	24	1	54rure	33000	43
935	대전	부산	2020	12	17	17	12	2020	12	17	18	45	1	21ytui	33000	41
936	대전	부산	2020	12	17	17	34	2020	12	17	19	13	1	17ertj	33000	22
937	대전	부산	2020	12	17	17	57	2020	12	17	19	31	1	43ytmb	33000	26
938	대전	부산	2020	12	17	18	18	2020	12	17	19	52	1	14nhqd	33000	33
939	대전	부산	2020	12	17	18	52	2020	12	17	20	28	1	18ghzd	33000	15
940	대전	부산	2020	12	17	19	26	2020	12	17	20	59	1	11rtnz	33000	44
941	대전	부산	2020	12	17	19	41	2020	12	17	21	19	1	02sdnd	33000	23
942	대전	부산	2020	12	17	19	58	2020	12	17	21	28	1	57fnsd	33000	42
943	대전	부산	2020	12	17	20	14	2020	12	17	21	47	1	53himv	33000	41
944	대전	부산	2020	12	17	20	28	2020	12	17	22	0	1	31fgni	33000	35
945	대전	부산	2020	12	17	20	53	2020	12	17	22	23	1	46gfnz	33000	38
946	대전	부산	2020	12	17	21	37	2020	12	17	23	12	1	56gdnz	33000	33
947	대전	부산	2020	12	17	21	56	2020	12	17	23	29	1	47nizt	33000	71
948	대전	부산	2020	12	17	22	25	2020	12	17	23	59	1	85hmxv	33000	72
949	대전	부산	2020	12	17	22	52	2020	12	18	0	26	1	95fnei	33000	66
950	대전	부산	2020	12	17	23	42	2020	12	18	1	9	1	76gnzu	33000	68
951	동대구	부산	2020	12	17	7	12	2020	12	17	8	5	1	14jkhd	15600	62
952	동대구	부산	2020	12	17	7	43	2020	12	17	8	25	1	45nfrq	15600	54
953	동대구	부산	2020	12	17	8	12	2020	12	17	9	4	1	23fdgj	15600	47
954	동대구	부산	2020	12	17	8	43	2020	12	17	9	24	1	54rure	15600	70
955	동대구	부산	2020	12	17	9	0	2020	12	17	9	47	1	21ytui	15600	71
956	동대구	부산	2020	12	17	9	10	2020	12	17	9	57	1	17ertj	15600	66
957	동대구	부산	2020	12	17	9	38	2020	12	17	10	26	1	43ytmb	15600	54
958	동대구	부산	2020	12	17	9	59	2020	12	17	10	52	1	14nhqd	15600	33
959	동대구	부산	2020	12	17	10	29	2020	12	17	11	9	1	18ghzd	15600	53
960	동대구	부산	2020	12	17	10	48	2020	12	17	11	41	1	11rtnz	15600	52
961	동대구	부산	2020	12	17	11	8	2020	12	17	11	50	1	02sdnd	15600	51
962	동대구	부산	2020	12	17	11	44	2020	12	17	12	32	1	57fnsd	15600	52
963	동대구	부산	2020	12	17	12	19	2020	12	17	13	0	1	53himv	15600	46
964	동대구	부산	2020	12	17	12	33	2020	12	17	13	27	1	31fgni	15600	47
965	동대구	부산	2020	12	17	14	0	2020	12	17	14	48	1	46gfnz	15600	44
966	동대구	부산	2020	12	17	14	12	2020	12	17	14	59	1	56gdnz	15600	43
967	동대구	부산	2020	12	17	14	30	2020	12	17	15	12	1	47nizt	15600	42
968	동대구	부산	2020	12	17	14	43	2020	12	17	15	30	1	85hmxv	15600	51
969	동대구	부산	2020	12	17	15	14	2020	12	17	16	0	1	95fnei	15600	50
970	동대구	부산	2020	12	17	15	32	2020	12	17	16	15	1	76gnzu	15600	34
971	동대구	부산	2020	12	17	16	6	2020	12	17	16	54	1	14jkhd	15600	50
972	동대구	부산	2020	12	17	16	46	2020	12	17	17	34	1	45nfrq	15600	44
973	동대구	부산	2020	12	17	17	18	2020	12	17	18	6	1	23fdgj	15600	43
974	동대구	부산	2020	12	17	17	37	2020	12	17	18	24	1	54rure	15600	32
975	동대구	부산	2020	12	17	17	58	2020	12	17	18	45	1	21ytui	15600	22
976	동대구	부산	2020	12	17	18	25	2020	12	17	19	13	1	17ertj	15600	34
977	동대구	부산	2020	12	17	18	43	2020	12	17	19	31	1	43ytmb	15600	53
978	동대구	부산	2020	12	17	19	4	2020	12	17	19	52	1	14nhqd	15600	42
979	동대구	부산	2020	12	17	19	37	2020	12	17	20	28	1	18ghzd	15600	22
980	동대구	부산	2020	12	17	20	12	2020	12	17	20	59	1	11rtnz	15600	35
981	동대구	부산	2020	12	17	20	32	2020	12	17	21	19	1	02sdnd	15600	33
982	동대구	부산	2020	12	17	20	47	2020	12	17	21	28	1	57fnsd	15600	22
983	동대구	부산	2020	12	17	20	59	2020	12	17	21	47	1	53himv	15600	25
984	동대구	부산	2020	12	17	21	13	2020	12	17	22	0	1	31fgni	15600	26
985	동대구	부산	2020	12	17	21	39	2020	12	17	22	23	1	46gfnz	15600	33
986	동대구	부산	2020	12	17	22	26	2020	12	17	23	12	1	56gdnz	15600	43
987	동대구	부산	2020	12	17	22	41	2020	12	17	23	29	1	47nizt	15600	41
988	동대구	부산	2020	12	17	23	11	2020	12	17	23	59	1	85hmxv	15600	22
989	동대구	부산	2020	12	17	23	44	2020	12	18	0	26	1	95fnei	15600	26
990	동대구	부산	2020	12	17	0	27	2020	12	17	1	9	1	76gnzu	15600	33
991	부산	동대구	2020	12	17	5	0	2020	12	17	5	50	1	14jkhd	15600	15
992	부산	동대구	2020	12	17	5	30	2020	12	17	6	19	1	45nfrq	15600	44
993	부산	동대구	2020	12	17	6	0	2020	12	17	6	50	1	23fdgj	15600	23
994	부산	동대구	2020	12	17	6	50	2020	12	17	7	40	1	54rure	15600	42
995	부산	동대구	2020	12	17	7	20	2020	12	17	8	10	1	21ytui	15600	41
996	부산	동대구	2020	12	17	7	45	2020	12	17	8	31	1	17ertj	15600	35
997	부산	동대구	2020	12	17	8	0	2020	12	17	8	56	1	43ytmb	15600	38
998	부산	동대구	2020	12	17	8	30	2020	12	17	9	20	1	14nhqd	15600	33
999	부산	동대구	2020	12	17	9	0	2020	12	17	9	50	1	18ghzd	15600	71
1000	부산	동대구	2020	12	17	9	15	2020	12	17	10	5	1	11rtnz	15600	72
1001	부산	동대구	2020	12	17	9	45	2020	12	17	10	30	1	02sdnd	15600	66
1002	부산	동대구	2020	12	17	10	10	2020	12	17	11	0	1	57fnsd	15600	68
1003	부산	동대구	2020	12	17	10	30	2020	12	17	11	26	1	53himv	15600	62
1004	부산	동대구	2020	12	17	10	45	2020	12	17	11	36	1	31fgni	15600	54
1005	부산	동대구	2020	12	17	12	10	2020	12	17	13	6	1	46gfnz	15600	47
1006	부산	동대구	2020	12	17	12	40	2020	12	17	13	30	1	56gdnz	15600	70
1007	부산	동대구	2020	12	17	13	0	2020	12	17	13	52	1	47nizt	15600	71
1008	부산	동대구	2020	12	17	13	30	2020	12	17	14	20	1	85hmxv	15600	66
1009	부산	동대구	2020	12	17	13	40	2020	12	17	14	25	1	95fnei	15600	54
1010	부산	동대구	2020	12	17	14	10	2020	12	17	15	0	1	76gnzu	15600	33
1011	부산	동대구	2020	12	17	14	25	2020	12	17	15	20	1	14jkhd	15600	53
1012	부산	동대구	2020	12	17	15	0	2020	12	17	15	44	1	45nfrq	15600	52
1013	부산	동대구	2020	12	17	15	30	2020	12	17	16	20	1	23fdgj	15600	51
1014	부산	동대구	2020	12	17	15	40	2020	12	17	16	25	1	54rure	15600	52
1015	부산	동대구	2020	12	17	15	55	2020	12	17	16	40	1	21ytui	15600	46
1016	부산	동대구	2020	12	17	16	0	2020	12	17	16	56	1	17ertj	15600	47
1017	부산	동대구	2020	12	17	16	35	2020	12	17	17	30	1	43ytmb	15600	44
1018	부산	동대구	2020	12	17	17	30	2020	12	17	18	20	1	14nhqd	15600	43
1019	부산	동대구	2020	12	17	17	40	2020	12	17	18	30	1	18ghzd	15600	42
1020	부산	동대구	2020	12	17	18	10	2020	12	17	19	0	1	11rtnz	15600	51
1021	부산	동대구	2020	12	17	18	55	2020	12	17	19	45	1	02sdnd	15600	50
1022	부산	동대구	2020	12	17	19	30	2020	12	17	20	20	1	57fnsd	15600	34
1023	부산	동대구	2020	12	17	20	0	2020	12	17	20	46	1	53himv	15600	50
1024	부산	동대구	2020	12	17	20	20	2020	12	17	21	5	1	31fgni	15600	44
1025	부산	동대구	2020	12	17	20	30	2020	12	17	21	26	1	46gfnz	15600	43
1026	부산	동대구	2020	12	17	20	50	2020	12	17	21	40	1	56gdnz	15600	32
1027	부산	동대구	2020	12	17	21	20	2020	12	17	22	10	1	47nizt	15600	22
1028	부산	동대구	2020	12	17	21	50	2020	12	17	22	39	1	85hmxv	15600	34
1029	부산	동대구	2020	12	17	22	30	2020	12	17	23	26	1	95fnei	15600	53
1030	부산	동대구	2020	12	17	23	0	2020	12	17	23	50	1	76gnzu	15600	42
1031	부산	대전	2020	12	17	5	0	2020	12	17	6	32	1	14jkhd	33000	22
1032	부산	대전	2020	12	17	5	30	2020	12	17	7	0	1	45nfrq	33000	35
1033	부산	대전	2020	12	17	6	0	2020	12	17	7	38	1	23fdgj	33000	33
1034	부산	대전	2020	12	17	6	50	2020	12	17	8	28	1	54rure	33000	22
1035	부산	대전	2020	12	17	7	20	2020	12	17	8	58	1	21ytui	33000	25
1036	부산	대전	2020	12	17	7	45	2020	12	17	9	13	1	17ertj	33000	26
1037	부산	대전	2020	12	17	8	0	2020	12	17	9	38	1	43ytmb	33000	33
1038	부산	대전	2020	12	17	8	30	2020	12	17	10	2	1	14nhqd	33000	43
1039	부산	대전	2020	12	17	9	0	2020	12	17	10	33	1	18ghzd	33000	41
1040	부산	대전	2020	12	17	9	15	2020	12	17	10	47	1	11rtnz	33000	22
1041	부산	대전	2020	12	17	9	45	2020	12	17	11	12	1	02sdnd	33000	26
1042	부산	대전	2020	12	17	10	10	2020	12	17	11	42	1	57fnsd	33000	33
1043	부산	대전	2020	12	17	10	30	2020	12	17	12	14	1	53himv	33000	15
1044	부산	대전	2020	12	17	10	45	2020	12	17	12	19	1	31fgni	33000	44
1045	부산	대전	2020	12	17	12	10	2020	12	17	13	53	1	46gfnz	33000	23
1046	부산	대전	2020	12	17	12	40	2020	12	17	14	18	1	56gdnz	33000	42
1047	부산	대전	2020	12	17	13	0	2020	12	17	14	35	1	47nizt	33000	41
1048	부산	대전	2020	12	17	13	30	2020	12	17	15	2	1	85hmxv	33000	35
1049	부산	대전	2020	12	17	13	40	2020	12	17	15	7	1	95fnei	33000	38
1050	부산	대전	2020	12	17	14	10	2020	12	17	15	48	1	76gnzu	33000	33
1051	부산	대전	2020	12	17	14	25	2020	12	17	16	2	1	14jkhd	33000	71
1052	부산	대전	2020	12	17	15	0	2020	12	17	16	26	1	45nfrq	33000	72
1053	부산	대전	2020	12	17	15	30	2020	12	17	17	2	1	23fdgj	33000	66
1054	부산	대전	2020	12	17	15	40	2020	12	17	17	12	1	54rure	33000	68
1055	부산	대전	2020	12	17	15	55	2020	12	17	17	22	1	21ytui	33000	62
1056	부산	대전	2020	12	17	16	0	2020	12	17	17	38	1	17ertj	33000	54
1057	부산	대전	2020	12	17	16	35	2020	12	17	18	13	1	43ytmb	33000	47
1058	부산	대전	2020	12	17	17	30	2020	12	17	19	8	1	14nhqd	33000	70
1059	부산	대전	2020	12	17	17	40	2020	12	17	19	13	1	18ghzd	33000	71
1060	부산	대전	2020	12	17	18	10	2020	12	17	19	47	1	11rtnz	33000	66
1061	부산	대전	2020	12	17	18	55	2020	12	17	20	26	1	02sdnd	33000	54
1062	부산	대전	2020	12	17	19	30	2020	12	17	21	3	1	57fnsd	33000	33
1063	부산	대전	2020	12	17	20	0	2020	12	17	21	28	1	53himv	33000	53
1064	부산	대전	2020	12	17	20	20	2020	12	17	21	53	1	31fgni	33000	52
1065	부산	대전	2020	12	17	20	30	2020	12	17	22	8	1	46gfnz	33000	51
1066	부산	대전	2020	12	17	20	50	2020	12	17	22	22	1	56gdnz	33000	52
1067	부산	대전	2020	12	17	21	20	2020	12	17	22	52	1	47nizt	33000	46
1068	부산	대전	2020	12	17	21	50	2020	12	17	23	20	1	85hmxv	33000	47
1069	부산	대전	2020	12	17	22	30	2020	12	18	0	8	1	95fnei	33000	44
1070	부산	대전	2020	12	17	23	0	2020	12	18	0	32	1	76gnzu	33000	43
1071	부산	수서	2020	12	17	5	0	2020	12	17	7	36	1	14jkhd	52600	42
1072	부산	수서	2020	12	17	5	30	2020	12	17	8	3	1	45nfrq	52600	51
1073	부산	수서	2020	12	17	6	0	2020	12	17	8	41	1	23fdgj	52600	50
1074	부산	수서	2020	12	17	6	50	2020	12	17	9	26	1	54rure	52600	34
1075	부산	수서	2020	12	17	7	20	2020	12	17	9	56	1	21ytui	52600	50
1076	부산	수서	2020	12	17	7	45	2020	12	17	10	15	1	17ertj	52600	44
1077	부산	수서	2020	12	17	8	0	2020	12	17	10	37	1	43ytmb	52600	43
1078	부산	수서	2020	12	17	8	30	2020	12	17	10	55	1	14nhqd	52600	32
1079	부산	수서	2020	12	17	9	0	2020	12	17	11	25	1	18ghzd	52600	22
1080	부산	수서	2020	12	17	9	15	2020	12	17	11	44	1	11rtnz	52600	34
1081	부산	수서	2020	12	17	9	45	2020	12	17	12	5	1	02sdnd	52600	53
1082	부산	수서	2020	12	17	10	10	2020	12	17	12	39	1	57fnsd	52600	42
1083	부산	수서	2020	12	17	10	30	2020	12	17	13	7	1	53himv	52600	22
1084	부산	수서	2020	12	17	10	45	2020	12	17	13	22	1	31fgni	52600	35
1085	부산	수서	2020	12	17	12	10	2020	12	17	14	50	1	46gfnz	52600	33
1086	부산	수서	2020	12	17	12	40	2020	12	17	15	16	1	56gdnz	52600	22
1087	부산	수서	2020	12	17	13	0	2020	12	17	15	27	1	47nizt	52600	25
1088	부산	수서	2020	12	17	13	30	2020	12	17	15	56	1	85hmxv	52600	26
1089	부산	수서	2020	12	17	13	40	2020	12	17	16	5	1	95fnei	52600	33
1090	부산	수서	2020	12	17	14	10	2020	12	17	16	46	1	76gnzu	52600	43
1091	부산	수서	2020	12	17	14	25	2020	12	17	17	7	1	14jkhd	52600	41
1092	부산	수서	2020	12	17	15	0	2020	12	17	17	14	1	45nfrq	52600	22
1093	부산	수서	2020	12	17	15	30	2020	12	17	17	55	1	23fdgj	52600	26
1094	부산	수서	2020	12	17	15	40	2020	12	17	18	11	1	54rure	52600	33
1095	부산	수서	2020	12	17	15	55	2020	12	17	18	20	1	21ytui	52600	15
1096	부산	수서	2020	12	17	16	0	2020	12	17	18	40	1	17ertj	52600	44
1097	부산	수서	2020	12	17	16	35	2020	12	17	19	17	1	43ytmb	52600	23
1098	부산	수서	2020	12	17	17	30	2020	12	17	20	1	1	14nhqd	52600	42
1099	부산	수서	2020	12	17	17	40	2020	12	17	20	16	1	18ghzd	52600	41
1100	부산	수서	2020	12	17	18	10	2020	12	17	20	45	1	11rtnz	52600	35
1101	부산	수서	2020	12	17	18	55	2020	12	17	21	24	1	02sdnd	52600	38
1102	부산	수서	2020	12	17	19	30	2020	12	17	22	6	1	57fnsd	52600	33
1103	부산	수서	2020	12	17	20	0	2020	12	17	22	33	1	53himv	52600	71
1104	부산	수서	2020	12	17	20	20	2020	12	17	22	45	1	31fgni	52600	72
1105	부산	수서	2020	12	17	20	30	2020	12	17	23	10	1	46gfnz	52600	66
1106	부산	수서	2020	12	17	20	50	2020	12	17	23	20	1	56gdnz	52600	68
1107	부산	수서	2020	12	17	21	20	2020	12	17	23	40	1	47nizt	52600	62
1108	부산	수서	2020	12	17	21	50	2020	12	18	0	18	1	85hmxv	52600	54
1109	부산	수서	2020	12	17	22	30	2020	12	18	1	6	1	95fnei	52600	47
1110	부산	수서	2020	12	17	23	0	2020	12	18	1	19	1	76gnzu	52600	70
1111	동대구	대전	2020	12	17	5	50	2020	12	17	6	32	1	14jkhd	17600	71
1112	동대구	대전	2020	12	17	6	19	2020	12	17	7	0	1	45nfrq	17600	66
1113	동대구	대전	2020	12	17	6	50	2020	12	17	7	38	1	23fdgj	17600	54
1114	동대구	대전	2020	12	17	7	40	2020	12	17	8	28	1	54rure	17600	33
1115	동대구	대전	2020	12	17	8	10	2020	12	17	8	58	1	21ytui	17600	53
1116	동대구	대전	2020	12	17	8	31	2020	12	17	9	13	1	17ertj	17600	52
1117	동대구	대전	2020	12	17	8	56	2020	12	17	9	38	1	43ytmb	17600	51
1118	동대구	대전	2020	12	17	9	20	2020	12	17	10	2	1	14nhqd	17600	52
1119	동대구	대전	2020	12	17	9	50	2020	12	17	10	33	1	18ghzd	17600	46
1120	동대구	대전	2020	12	17	10	5	2020	12	17	10	47	1	11rtnz	17600	47
1121	동대구	대전	2020	12	17	10	30	2020	12	17	11	12	1	02sdnd	17600	44
1122	동대구	대전	2020	12	17	11	0	2020	12	17	11	42	1	57fnsd	17600	43
1123	동대구	대전	2020	12	17	11	26	2020	12	17	12	14	1	53himv	17600	42
1124	동대구	대전	2020	12	17	11	36	2020	12	17	12	19	1	31fgni	17600	51
1125	동대구	대전	2020	12	17	13	6	2020	12	17	13	53	1	46gfnz	17600	50
1126	동대구	대전	2020	12	17	13	30	2020	12	17	14	18	1	56gdnz	17600	34
1127	동대구	대전	2020	12	17	13	52	2020	12	17	14	35	1	47nizt	17600	50
1128	동대구	대전	2020	12	17	14	20	2020	12	17	15	2	1	85hmxv	17600	44
1129	동대구	대전	2020	12	17	14	25	2020	12	17	15	7	1	95fnei	17600	43
1130	동대구	대전	2020	12	17	15	0	2020	12	17	15	48	1	76gnzu	17600	32
1131	동대구	대전	2020	12	17	15	20	2020	12	17	16	2	1	14jkhd	17600	22
1132	동대구	대전	2020	12	17	15	44	2020	12	17	16	26	1	45nfrq	17600	34
1133	동대구	대전	2020	12	17	16	20	2020	12	17	17	2	1	23fdgj	17600	53
1134	동대구	대전	2020	12	17	16	25	2020	12	17	17	12	1	54rure	17600	42
1135	동대구	대전	2020	12	17	16	40	2020	12	17	17	22	1	21ytui	17600	22
1136	동대구	대전	2020	12	17	16	56	2020	12	17	17	38	1	17ertj	17600	35
1137	동대구	대전	2020	12	17	17	30	2020	12	17	18	13	1	43ytmb	17600	33
1138	동대구	대전	2020	12	17	18	20	2020	12	17	19	8	1	14nhqd	17600	22
1139	동대구	대전	2020	12	17	18	30	2020	12	17	19	13	1	18ghzd	17600	25
1140	동대구	대전	2020	12	17	19	0	2020	12	17	19	47	1	11rtnz	17600	26
1141	동대구	대전	2020	12	17	19	45	2020	12	17	20	26	1	02sdnd	17600	33
1142	동대구	대전	2020	12	17	20	20	2020	12	17	21	3	1	57fnsd	17600	43
1143	동대구	대전	2020	12	17	20	46	2020	12	17	21	28	1	53himv	17600	41
1144	동대구	대전	2020	12	17	21	5	2020	12	17	21	53	1	31fgni	17600	22
1145	동대구	대전	2020	12	17	21	26	2020	12	17	22	8	1	46gfnz	17600	26
1146	동대구	대전	2020	12	17	21	40	2020	12	17	22	22	1	56gdnz	17600	33
1147	동대구	대전	2020	12	17	22	10	2020	12	17	22	52	1	47nizt	17600	15
1148	동대구	대전	2020	12	17	22	39	2020	12	17	23	20	1	85hmxv	17600	44
1149	동대구	대전	2020	12	17	23	26	2020	12	18	0	8	1	95fnei	17600	23
1150	동대구	대전	2020	12	17	23	50	2020	12	18	0	32	1	76gnzu	17600	42
1151	동대구	수서	2020	12	17	5	50	2020	12	17	7	36	1	14jkhd	37400	41
1152	동대구	수서	2020	12	17	6	19	2020	12	17	8	3	1	45nfrq	37400	35
1153	동대구	수서	2020	12	17	6	50	2020	12	17	8	41	1	23fdgj	37400	38
1154	동대구	수서	2020	12	17	7	40	2020	12	17	9	26	1	54rure	37400	33
1155	동대구	수서	2020	12	17	8	10	2020	12	17	9	56	1	21ytui	37400	71
1156	동대구	수서	2020	12	17	8	31	2020	12	17	10	15	1	17ertj	37400	72
1157	동대구	수서	2020	12	17	8	56	2020	12	17	10	37	1	43ytmb	37400	66
1158	동대구	수서	2020	12	17	9	20	2020	12	17	10	55	1	14nhqd	37400	68
1159	동대구	수서	2020	12	17	9	50	2020	12	17	11	25	1	18ghzd	37400	62
1160	동대구	수서	2020	12	17	10	5	2020	12	17	11	44	1	11rtnz	37400	54
1161	동대구	수서	2020	12	17	10	30	2020	12	17	12	5	1	02sdnd	37400	47
1162	동대구	수서	2020	12	17	11	0	2020	12	17	12	39	1	57fnsd	37400	70
1163	동대구	수서	2020	12	17	11	26	2020	12	17	13	7	1	53himv	37400	71
1164	동대구	수서	2020	12	17	11	36	2020	12	17	13	22	1	31fgni	37400	66
1165	동대구	수서	2020	12	17	13	6	2020	12	17	14	50	1	46gfnz	37400	54
1166	동대구	수서	2020	12	17	13	30	2020	12	17	15	16	1	56gdnz	37400	33
1167	동대구	수서	2020	12	17	13	52	2020	12	17	15	27	1	47nizt	37400	53
1168	동대구	수서	2020	12	17	14	20	2020	12	17	15	56	1	85hmxv	37400	52
1169	동대구	수서	2020	12	17	14	25	2020	12	17	16	5	1	95fnei	37400	51
1170	동대구	수서	2020	12	17	15	0	2020	12	17	16	46	1	76gnzu	37400	52
1171	동대구	수서	2020	12	17	15	20	2020	12	17	17	7	1	14jkhd	37400	46
1172	동대구	수서	2020	12	17	15	44	2020	12	17	17	14	1	45nfrq	37400	47
1173	동대구	수서	2020	12	17	16	20	2020	12	17	17	55	1	23fdgj	37400	44
1174	동대구	수서	2020	12	17	16	25	2020	12	17	18	11	1	54rure	37400	43
1175	동대구	수서	2020	12	17	16	40	2020	12	17	18	20	1	21ytui	37400	42
1176	동대구	수서	2020	12	17	16	56	2020	12	17	18	40	1	17ertj	37400	51
1177	동대구	수서	2020	12	17	17	30	2020	12	17	19	17	1	43ytmb	37400	50
1178	동대구	수서	2020	12	17	18	20	2020	12	17	20	1	1	14nhqd	37400	34
1179	동대구	수서	2020	12	17	18	30	2020	12	17	20	16	1	18ghzd	37400	50
1180	동대구	수서	2020	12	17	19	0	2020	12	17	20	45	1	11rtnz	37400	44
1181	동대구	수서	2020	12	17	19	45	2020	12	17	21	24	1	02sdnd	37400	43
1182	동대구	수서	2020	12	17	20	20	2020	12	17	22	6	1	57fnsd	37400	32
1183	동대구	수서	2020	12	17	20	46	2020	12	17	22	33	1	53himv	37400	22
1184	동대구	수서	2020	12	17	21	5	2020	12	17	22	45	1	31fgni	37400	34
1185	동대구	수서	2020	12	17	21	26	2020	12	17	23	10	1	46gfnz	37400	53
1186	동대구	수서	2020	12	17	21	40	2020	12	17	23	20	1	56gdnz	37400	42
1187	동대구	수서	2020	12	17	22	10	2020	12	17	23	40	1	47nizt	37400	22
1188	동대구	수서	2020	12	17	22	39	2020	12	18	0	18	1	85hmxv	37400	35
1189	동대구	수서	2020	12	17	23	26	2020	12	18	1	6	1	95fnei	37400	33
1190	동대구	수서	2020	12	17	23	50	2020	12	18	1	19	1	76gnzu	37400	22
1191	대전	수서	2020	12	17	6	32	2020	12	17	7	36	1	14jkhd	20100	25
1192	대전	수서	2020	12	17	7	0	2020	12	17	8	3	1	45nfrq	20100	26
1193	대전	수서	2020	12	17	7	38	2020	12	17	8	41	1	23fdgj	20100	33
1194	대전	수서	2020	12	17	8	28	2020	12	17	9	26	1	54rure	20100	43
1195	대전	수서	2020	12	17	8	58	2020	12	17	9	56	1	21ytui	20100	41
1196	대전	수서	2020	12	17	9	13	2020	12	17	10	15	1	17ertj	20100	22
1197	대전	수서	2020	12	17	9	38	2020	12	17	10	37	1	43ytmb	20100	26
1198	대전	수서	2020	12	17	10	2	2020	12	17	10	55	1	14nhqd	20100	33
1199	대전	수서	2020	12	17	10	33	2020	12	17	11	25	1	18ghzd	20100	15
1200	대전	수서	2020	12	17	10	47	2020	12	17	11	44	1	11rtnz	20100	44
1201	대전	수서	2020	12	17	11	12	2020	12	17	12	5	1	02sdnd	20100	23
1202	대전	수서	2020	12	17	11	42	2020	12	17	12	39	1	57fnsd	20100	42
1203	대전	수서	2020	12	17	12	14	2020	12	17	13	7	1	53himv	20100	41
1204	대전	수서	2020	12	17	12	19	2020	12	17	13	22	1	31fgni	20100	35
1205	대전	수서	2020	12	17	13	53	2020	12	17	14	50	1	46gfnz	20100	38
1206	대전	수서	2020	12	17	14	18	2020	12	17	15	16	1	56gdnz	20100	33
1207	대전	수서	2020	12	17	14	35	2020	12	17	15	27	1	47nizt	20100	71
1208	대전	수서	2020	12	17	15	2	2020	12	17	15	56	1	85hmxv	20100	72
1209	대전	수서	2020	12	17	15	7	2020	12	17	16	5	1	95fnei	20100	66
1210	대전	수서	2020	12	17	15	48	2020	12	17	16	46	1	76gnzu	20100	68
1211	대전	수서	2020	12	17	16	2	2020	12	17	17	7	1	14jkhd	20100	62
1212	대전	수서	2020	12	17	16	26	2020	12	17	17	14	1	45nfrq	20100	54
1213	대전	수서	2020	12	17	17	2	2020	12	17	17	55	1	23fdgj	20100	47
1214	대전	수서	2020	12	17	17	12	2020	12	17	18	11	1	54rure	20100	70
1215	대전	수서	2020	12	17	17	22	2020	12	17	18	20	1	21ytui	20100	71
1216	대전	수서	2020	12	17	17	38	2020	12	17	18	40	1	17ertj	20100	66
1217	대전	수서	2020	12	17	18	13	2020	12	17	19	17	1	43ytmb	20100	54
1218	대전	수서	2020	12	17	19	8	2020	12	17	20	1	1	14nhqd	20100	33
1219	대전	수서	2020	12	17	19	13	2020	12	17	20	16	1	18ghzd	20100	53
1220	대전	수서	2020	12	17	19	47	2020	12	17	20	45	1	11rtnz	20100	52
1221	대전	수서	2020	12	17	20	26	2020	12	17	21	24	1	02sdnd	20100	51
1222	대전	수서	2020	12	17	21	3	2020	12	17	22	6	1	57fnsd	20100	52
1223	대전	수서	2020	12	17	21	28	2020	12	17	22	33	1	53himv	20100	46
1224	대전	수서	2020	12	17	21	53	2020	12	17	22	45	1	31fgni	20100	47
1225	대전	수서	2020	12	17	22	8	2020	12	17	23	10	1	46gfnz	20100	44
1226	대전	수서	2020	12	17	22	22	2020	12	17	23	20	1	56gdnz	20100	43
1227	대전	수서	2020	12	17	22	52	2020	12	17	23	40	1	47nizt	20100	42
1228	대전	수서	2020	12	17	23	20	2020	12	18	0	18	1	85hmxv	20100	51
1229	대전	수서	2020	12	17	0	8	2020	12	17	1	6	1	95fnei	20100	50
1230	대전	수서	2020	12	17	0	32	2020	12	17	1	19	1	76gnzu	37400	34
1231	서울	전주	2020	12	17	5	10	2020	12	17	6	41	1	94ruvb	34400	43
1232	서울	전주	2020	12	17	5	45	2020	12	17	9	16	1	98dfmn	17600	52
1233	서울	전주	2020	12	17	7	5	2020	12	17	8	54	1	65icjf	34600	42
1234	서울	전주	2020	12	17	7	45	2020	12	17	9	58	1	19uvci	32900	30
1235	서울	전주	2020	12	17	8	40	2020	12	17	10	13	1	75tiar	34400	41
1236	서울	전주	2020	12	17	8	58	2020	12	17	12	32	1	87qklz	17600	51
1237	서울	전주	2020	12	17	9	46	2020	12	17	11	34	1	51tfwr	34600	33
1238	서울	전주	2020	12	17	10	55	2020	12	17	12	34	1	25oqbd	34400	42
1239	서울	전주	2020	12	17	11	11	2020	12	17	14	33	1	12snfg	17600	55
1240	서울	전주	2020	12	17	12	20	2020	12	17	13	58	1	51xmbu	34400	33
1241	서울	전주	2020	12	17	12	35	2020	12	17	14	11	1	62gqyq	34600	22
1242	서울	전주	2020	12	17	13	10	2020	12	17	16	30	1	49sdfn	17600	34
1243	서울	전주	2020	12	17	13	15	2020	12	17	15	32	1	68gtkh	32900	35
1244	서울	전주	2020	12	17	14	10	2020	12	17	15	43	1	87kopi	34400	54
1245	서울	전주	2020	12	17	14	40	2020	12	17	16	56	1	31jqts	32900	22
1246	서울	전주	2020	12	17	15	22	2020	12	17	18	45	1	42fgdf	17600	43
1247	서울	전주	2020	12	17	16	35	2020	12	17	18	23	1	28syxk	34400	0
1248	서울	전주	2020	12	17	17	20	2020	12	17	20	41	1	53mmkz	17600	22
1249	서울	전주	2020	12	17	17	36	2020	12	17	19	11	1	12bgps	34600	44
1250	서울	전주	2020	12	17	18	50	2020	12	17	20	25	1	63ravr	34600	0
1251	서울	전주	2020	12	17	19	8	2020	12	17	22	35	1	42mfiz	17600	23
1252	서울	전주	2020	12	17	20	5	2020	12	17	21	35	1	36vwxh	34400	53
1253	서울	전주	2020	12	17	21	25	2020	12	18	0	50	1	91nzgi	17600	23
1254	서울	전주	2020	12	17	21	50	2020	12	17	23	13	1	28syxk	34400	52
1255	서울	전주	2020	12	17	22	45	2020	12	18	2	4	1	87gnzm	17600	23
1256	서울	대전	2020	12	17	5	5	2020	12	17	5	59	1	94ruvb	23700	46
1257	서울	대전	2020	12	17	5	15	2020	12	17	6	10	1	65icjf	23700	43
1258	서울	대전	2020	12	17	5	30	2020	12	17	6	30	1	19uvci	23700	35
1259	서울	대전	2020	12	17	5	40	2020	12	17	6	46	1	75tiar	23700	29
1260	서울	대전	2020	12	17	5	56	2020	12	17	8	3	1	98dfmn	10600	42
1261	서울	대전	2020	12	17	6	1	2020	12	17	7	1	1	51tfwr	23700	34
1262	서울	대전	2020	12	17	6	5	2020	12	17	7	11	1	25oqbd	23700	33
1263	서울	대전	2020	12	17	6	12	2020	12	17	7	19	1	51xmbu	23400	23
1264	서울	대전	2020	12	17	6	27	2020	12	17	8	32	1	87qklz	10600	17
1265	서울	대전	2020	12	17	6	35	2020	12	17	7	31	1	31jqts	23700	33
1266	서울	대전	2020	12	17	6	38	2020	12	17	8	35	1	98dfmn	10800	36
1267	서울	대전	2020	12	17	6	45	2020	12	17	7	45	1	28syxk	23700	42
1268	서울	대전	2020	12	17	7	0	2020	12	17	8	6	1	12bgps	23700	41
1269	서울	대전	2020	12	17	7	10	2020	12	17	9	13	1	12snfg	10600	33
1270	서울	대전	2020	12	17	7	30	2020	12	17	8	30	1	62gqyq	23700	32
1271	서울	대전	2020	12	17	7	50	2020	12	17	8	46	1	68gtkh	23700	22
1272	서울	대전	2020	12	17	7	57	2020	12	17	9	38	1	87kopi	17200	41
1273	서울	대전	2020	12	17	8	0	2020	12	17	8	58	1	63ravr	23700	23
1274	서울	대전	2020	12	17	8	15	2020	12	17	9	17	1	34fsbx	23700	41
1275	서울	대전	2020	12	17	8	25	2020	12	17	9	26	1	85geqp	23700	31
1276	서울	대전	2020	12	17	9	0	2020	12	17	9	50	1	36vwxh	23700	21
1277	서울	대전	2020	12	17	9	5	2020	12	17	10	6	1	90ekkd	23700	33
1278	서울	대전	2020	12	17	9	25	2020	12	17	10	26	1	61whnt	23700	0
1279	서울	대전	2020	12	17	9	35	2020	12	17	10	38	1	97snpd	23700	23
1280	서울	대전	2020	12	17	9	44	2020	12	17	11	44	1	87qklz	10600	23
1281	서울	대전	2020	12	17	10	0	2020	12	17	11	1	1	65icjf	23700	41
1282	서울	대전	2020	12	17	10	5	2020	12	17	11	6	1	51tfwr	23700	31
1283	서울	대전	2020	12	17	10	13	2020	12	17	11	19	1	25oqbd	23700	23
1284	서울	대전	2020	12	17	10	17	2020	12	17	11	57	1	62gqyq	17200	42
1285	서울	대전	2020	12	17	10	30	2020	12	17	11	33	1	87kopi	23700	14
1286	서울	대전	2020	12	17	10	41	2020	12	17	12	41	1	98dfmn	10800	17
1287	서울	대전	2020	12	17	10	45	2020	12	17	11	51	1	94ruvb	23700	32
1288	서울	대전	2020	12	17	11	0	2020	12	17	12	1	1	75tiar	23700	42
1289	서울	대전	2020	12	17	11	15	2020	12	17	13	19	1	12snfg	10800	33
1290	서울	대전	2020	12	17	11	30	2020	12	17	13	12	1	34fsbx	23700	41
1291	서울	대전	2020	12	17	12	0	2020	12	17	13	1	1	85geqp	23700	11
1292	서울	대전	2020	12	17	12	30	2020	12	17	13	31	1	36vwxh	23700	15
1293	서울	대전	2020	12	17	12	40	2020	12	17	13	36	1	90ekkd	23700	7
1294	서울	대전	2020	12	17	13	5	2020	12	17	14	7	1	61whnt	23700	25
1295	서울	대전	2020	12	17	13	16	2020	12	17	15	11	1	91nzgi	10800	42
1296	서울	대전	2020	12	17	13	20	2020	12	17	14	21	1	94ruvb	23700	23
1297	서울	대전	2020	12	17	13	30	2020	12	17	14	31	1	19uvci	23700	42
1298	서울	대전	2020	12	17	13	45	2020	12	17	14	39	1	51tfwr	23700	13
1299	서울	대전	2020	12	17	13	55	2020	12	17	14	50	1	51xmbu	23700	35
1300	서울	대전	2020	12	17	14	0	2020	12	17	15	0	1	87kopi	23700	23
1301	서울	대전	2020	12	17	14	15	2020	12	17	15	11	1	19uvci	23700	11
1302	서울	대전	2020	12	17	14	26	2020	12	17	16	26	1	49sdfn	10800	15
1303	서울	대전	2020	12	17	14	30	2020	12	17	15	30	1	63ravr	23700	25
1304	서울	대전	2020	12	17	14	35	2020	12	17	15	33	1	34fsbx	23700	26
1305	서울	대전	2020	12	17	15	6	2020	12	17	17	10	1	42fgdf	10800	43
1306	서울	대전	2020	12	17	15	10	2020	12	17	16	12	1	85geqp	23700	25
1307	서울	대전	2020	12	17	15	40	2020	12	17	16	40	1	36vwxh	23700	35
1308	서울	대전	2020	12	17	15	44	2020	12	17	17	43	1	98dfmn	10800	45
1309	서울	대전	2020	12	17	16	0	2020	12	17	16	55	1	94ruvb	23700	13
1310	서울	대전	2020	12	17	16	11	2020	12	17	17	50	1	65icjf	23700	35
1311	서울	대전	2020	12	17	16	15	2020	12	17	18	17	1	42fgdf	10800	23
1312	서울	대전	2020	12	17	16	20	2020	12	17	17	260	1	63ravr	23700	11
1313	서울	대전	2020	12	17	16	30	2020	12	17	17	27	1	34fsbx	23700	23
1314	서울	대전	2020	12	17	16	40	2020	12	17	18	38	1	12snfg	10800	13
1315	서울	대전	2020	12	17	16	50	2020	12	17	18	56	1	91nzgi	10800	35
1316	서울	대전	2020	12	17	17	15	2020	12	17	18	10	1	85geqp	23700	41
1317	서울	대전	2020	12	17	17	25	2020	12	17	18	26	1	36vwxh	23700	31
1318	서울	대전	2020	12	17	17	35	2020	12	17	18	35	1	94ruvb	23700	23
1319	서울	대전	2020	12	17	17	40	2020	12	17	18	40	1	53mmkz	10800	25
1320	서울	대전	2020	12	17	18	0	2020	12	17	18	56	1	63ravr	23700	26
1321	서울	대전	2020	12	17	18	5	2020	12	17	19	5	1	34fsbx	23700	43
1322	서울	대전	2020	12	17	18	11	2020	12	17	20	11	1	49sdfn	10800	25
1323	서울	대전	2020	12	17	18	15	2020	12	17	19	15	1	85geqp	23700	35
1324	서울	대전	2020	12	17	18	30	2020	12	17	19	32	1	36vwxh	23700	45
1325	서울	대전	2020	12	17	18	55	2020	12	17	20	40	1	90ekkd	17200	33
1326	서울	대전	2020	12	17	19	0	2020	12	17	20	5	1	61whnt	23700	42
1327	서울	대전	2020	12	17	19	20	2020	12	17	20	18	1	94ruvb	23700	23
1328	서울	대전	2020	12	17	19	23	2020	12	17	21	21	1	98dfmn	10800	0
1329	서울	대전	2020	12	17	19	36	2020	12	17	20	31	1	63ravr	23700	13
1330	서울	대전	2020	12	17	19	41	2020	12	17	21	25	1	34fsbx	23700	35
1331	서울	대전	2020	12	17	19	49	2020	12	17	21	55	1	42mfiz	10800	0
1332	서울	대전	2020	12	17	20	0	2020	12	17	21	6	1	51xmbu	23700	11
1333	서울	대전	2020	12	17	20	10	2020	12	17	22	19	1	91nzgi	10800	42
1334	서울	대전	2020	12	17	20	15	2020	12	17	21	14	1	85geqp	23700	36
1335	서울	대전	2020	12	17	20	30	2020	12	17	21	20	1	36vwxh	23700	25
1336	서울	대전	2020	12	17	20	40	2020	12	17	21	45	1	90ekkd	23700	26
1337	서울	대전	2020	12	17	20	50	2020	12	17	21	50	1	61whnt	23700	43
1338	서울	대전	2020	12	17	21	0	2020	12	17	22	0	1	68gtkh	23700	25
1339	서울	대전	2020	12	17	21	30	2020	12	17	22	30	1	51xmbu	23700	31
1340	서울	대전	2020	12	17	21	35	2020	12	17	22	41	1	85geqp	23700	23
1341	서울	대전	2020	12	17	22	0	2020	12	17	23	0	1	36vwxh	23700	25
1342	서울	대전	2020	12	17	22	10	2020	12	17	23	5	1	90ekkd	23700	26
1343	서울	대전	2020	12	17	22	20	2020	12	17	23	20	1	61whnt	23700	43
1344	서울	대전	2020	12	17	22	30	2020	12	17	23	31	1	51xmbu	23700	26
1345	서울	대전	2020	12	17	22	50	2020	12	17	23	45	1	94ruvb	23700	12
1346	서울	대전	2020	12	17	22	55	2020	12	18	0	54	1	98dfmn	10800	26
1347	서울	대전	2020	12	17	23	0	2020	12	18	0	6	1	63ravr	23700	43
1348	서울	대전	2020	12	17	23	30	2020	12	18	0	36	1	34fsbx	23700	39
1349	춘천	영월	2020	12	17	6	0	2020	12	17	7	20	0	37skdi	9800	23
1350	춘천	영월	2020	12	17	7	0	2020	12	17	8	20	0	39skdo	9800	24
1351	춘천	영월	2020	12	17	8	0	2020	12	17	9	20	0	98sjdu	9800	25
1352	춘천	영월	2020	12	17	9	0	2020	12	17	10	20	0	83jsjd	9800	26
1353	춘천	영월	2020	12	17	10	0	2020	12	17	11	20	0	01sieo	9800	27
1354	춘천	영월	2020	12	17	11	0	2020	12	17	12	20	0	02skdj	9800	28
1355	춘천	영월	2020	12	17	12	0	2020	12	17	13	20	0	04dosj	9800	29
1356	춘천	영월	2020	12	17	13	0	2020	12	17	14	20	0	32acms	9800	30
1357	춘천	영월	2020	12	17	14	0	2020	12	17	15	20	0	38xkde	9800	13
1358	춘천	영월	2020	12	17	15	0	2020	12	17	16	20	0	73dmce	9800	14
1359	춘천	영월	2020	12	17	16	0	2020	12	17	17	20	0	52ekxd	9800	15
1360	춘천	영월	2020	12	17	17	0	2020	12	17	18	20	0	87skxi	12300	16
1361	춘천	영월	2020	12	17	18	0	2020	12	17	19	20	0	72sjdo	12300	17
1362	춘천	영월	2020	12	17	19	0	2020	12	17	20	20	0	36sdao	12300	18
1363	춘천	영월	2020	12	17	20	0	2020	12	17	21	20	0	48dowi	12300	19
1364	춘천	영월	2020	12	17	21	0	2020	12	17	22	20	0	58sodq	12300	20
1365	부산	마산	2020	12	17	6	0	2020	12	17	6	50	1	51xmbu	8900	14
1366	부산	마산	2020	12	17	7	0	2020	12	17	7	50	1	62gqyq	8900	15
1367	부산	마산	2020	12	17	8	0	2020	12	17	8	50	1	68gtkh	8900	16
1368	부산	마산	2020	12	17	9	0	2020	12	17	9	50	1	98dfmn	8900	17
1369	부산	마산	2020	12	17	10	0	2020	12	17	10	50	1	87qklz	11100	18
1370	부산	마산	2020	12	17	11	0	2020	12	17	11	50	1	02sdnd	11100	21
1371	부산	마산	2020	12	17	12	0	2020	12	17	12	50	1	12snfg	11100	22
1372	부산	마산	2020	12	17	13	0	2020	12	17	13	50	1	94ruvb	11100	23
1373	부산	마산	2020	12	17	14	0	2020	12	17	14	50	1	65icjf	11100	5
1374	부산	마산	2020	12	17	15	0	2020	12	17	15	50	1	19uvci	11100	6
1375	부산	마산	2020	12	17	16	0	2020	12	17	16	50	1	75tiar	8900	7
1376	부산	마산	2020	12	17	17	0	2020	12	17	17	50	1	51tfwr	8900	8
1377	부산	마산	2020	12	17	18	0	2020	12	17	18	50	1	49sdfn	8900	9
1378	부산	마산	2020	12	17	19	0	2020	12	17	19	50	1	42fgdf	8900	27
1379	부산	마산	2020	12	17	20	0	2020	12	17	20	50	1	53mmkz	8900	28
1380	부산	마산	2020	12	17	21	0	2020	12	17	21	50	1	49sdfn	8900	29
